2.0725136
2.0525869
1.7361511
1.038709
1.0934037
1.9822711
0.81537525
1.6574602
0.80078314
1.8364507
1.6891877
1.2630832
2.0536082
0.38279319
1.9426847
1.3490635
1.4173374
1.1878719
1.6432009
2.3493461
2.1058175
1.6294839
1.2232455
0.67481871
1.4859529
1.5294202
1.3900686
1.3139806
1.4214313
1.4795266
2.0870757
1.2955386
1.5354655
1.7780011
0.58000727
1.4175157
1.4390029
1.7805377
1.5164925
1.1257219
1.3591097
0.4789138
0.75978953
1.3972782
1.0381576
1.3065323
0.74143023
1.5249777
1.8337043
0.48215299
1.1619842
1.0020375
0.34442598
0.72981015
1.0086594
0.81061099
0.66828534
1.3471717
1.1203857
1.2519264
1.0735832
0.88149387
1.181136
0.45114119
0.71143569
1.3213091
0.85728906
0.97148656
0.82693457
0.7690085
0.60780532
0.75246089
0.71701515
1.3325351
0.64940472
0.51567368
0.34245656
1.1419058
1.059906
0.37610951
0.94991021
0.54873626
0.33396216
0.44632916
1.0398287
1.0889677
0.3682361
1.3285978
1.2153024
0.68361885
0.24532111
0.6642544
0.94730105
1.2461645
0.55038154
1.3736954
0.57175277
0.73891074
0.24588368
0.28943604
0.14546402
0.1998893
0.073336467
1.3737697
0.83871306
0.10538899
0.2793194
0.65632521
0.97565791
0.15624994
0.29705997
0.48167009
0.13327728
1.1912884
0.0036850175
0.79829435
0.37373247
0.5428385
1.1756635
0.70238404
0.81127059
0.31074927
0.046851275
0.2502957
1.0003384
0.49562714
0.97226465
0.46081823
0.40225859
0.53435409
0.83666389
-0.15551241
1.0784596
0.29456154
-0.22742816
0.36736667
0.35417072
0
2.1557826
2.8275914
1.6480386
1.9179692
1.6090274
2.0042161
1.2755813
1.1626398
1.7252894
1.3826644
1.839608
1.9144698
1.5948461
1.5948461
1.3781581
1.3201095
1.3201095
1.2290609
1.1426736
1.2756461
1.2756461
1.2390567
1.2073179
1.2410936
1.5857254
1.1787422
1.1787422
1.5297431
1.674903
1.0417578
1.2777993
0.90744786
1.6017544
1.5131391
0.59799059
0.98932024
0.67966169
0.98369696
0.96614861
0.71945125
0.97335312
0.65354443
1.7335991
0.77460083
0.6803034
0.5243511
0.58667896
0.62596144
0.59172503
0.65162667
1.4739368
0.35866819
0.91868034
0.90121312
0.61816588
0.60945746
0.54745919
0.5465775
0.74257838
1.3864757
0.5247373
0.9392237
0.49686095
0.82445549
0.43815536
0.56423168
0.35917602
0.41046808
0.47040845
0.37253014
0.63549327
0.58749848
0.4005916
0.51003537
0.62734233
0.39499553
0.83746257
0.50056502
0.69592662
0.36966777
0.51184078
1.7150384
0.35434844
0.62551368
0.40022859
0.56800504
0.44206837
0.30578506
1.334798
0.47446386
0.49868598
0.27435713
0.90371166
0.34211173
0.3139333
0.41559142
0.32233636
0.53721171
0.30934423
0.11755114
0.42085752
0.19836851
0.19327141
0.30898409
0.32382921
0.54481123
0.27850583
0.2831981
0.077123652
0.17268153
0.15267472
0.54003861
0.13945169
0.17626322
0.16932731
0.16187013
0.12022211
-0.13518983
0.032508351
0.21030412
0.20263153
0.057173096
0.007412342
-0.059390134
-0.24413565
-0.25228982
-0.17836842
-0.23024356
-0.056877229
-0.24649065
-0.11804903
-0.16011034
0.54067232
-0.53413673
-0.18256177
-0.015861633
-0.44373109
0.58243942
0.26269039
0.2064208
-0.22292554
-0.12539286
0.039333242
0
0
0
0
0
0
0
0
0
0
1.8906378
1.9036898
1.5326207
1.6332781
0.95377745
2.1542668
1.8766474
1.6689443
1.6719836
1.7373797
1.0421001
1.121779
1.3558219
1.2239885
1.7865024
0.81510154
1.0933702
0.73337991
1.1304483
1.4126736
1.2119052
0.50219308
0.83111934
1.4997564
1.0517409
1.2643102
1.3618903
1.9374577
1.4179883
0.9044113
0.96586276
1.1243199
1.1494677
0.78145792
1.1779738
1.514204
1.6021784
0.91583493
0.69896316
0.59820068
0.65924934
0.76114547
1.309616
0.61262629
1.1766125
1.3641713
1.4284346
1.5616108
0.55639956
0.67683585
0.58344299
0.96259542
1.2833988
0.90109535
0.51496684
1.6144131
0.64198961
1.0882226
0.5820246
0.62696676
0.84427467
0.52027267
0.41599305
0.34845485
0.79894563
0.86346079
0.7417682
0.84656131
0.43102226
1.4123146
1.3883825
1.5304212
0.82148793
0.83337533
0.97942589
0.69345635
0.67168945
1.3309897
0.30579402
1.3285654
0.46537199
0.92048579
1.3668434
0.83719438
1.1468305
0.36828233
0.44078222
1.0718312
1.2425741
0.54204993
0.75796386
1.166147
1.4897968
0.64455902
1.3727083
0.67882034
0.33558261
1.2488145
1.4576504
1.1153945
0.35008049
0.52867916
1.5050327
0.91879454
0.96198786
0.7917748
1.2187751
2.1918038
0.19163843
1.0253271
1.5402315
1.5402315
0.03087664
1.4213264
1.4213264
0.45448025
0.74086674
1.3456444
0.66317206
0.7655717
1.2923443
0.82438303
0.12789699
1.2269016
1.1884885
0.85809718
0.31496363
0.54529303
1.4378024
0.42525296
0.14770594
0.98698745
1.3679936
0.81162751
0.37880423
1.0095464
0.14262841
0.67849083
0.18550663
0.87519147
0.4976191
1.0265246
1.2006621
0.28726037
0.42612689
1.1064441
1.0785177
1.5779717
1.2231373
-0.10195297
0.87850436
0.31474332
-0.049968282
0.44994581
0.4221436
0.48521133
0.31059597
0.011089486
0.13151639
-0.13456197
0.5420064
0.69021941
0.38464862
1.3800808
1.521613
0.27645896
0.63985724
1.3159623
1.3159623
1.2203592
1.2203592
1.2203592
1.1678363
1.1678363
1.1678363
1.1678363
1.1678363
0.17423918
1.1346024
1.1346024
1.1346024
0.071256447
1.1108464
1.1108464
-0.058251697
1.1269167
0.30485427
1.1585453
1.0615926
0.65925987
0.47984591
0.15511875
0.42089634
0.011073327
-0.15196062
0.042399353
0.113461
-0.34079194
0.92671072
0.90189255
0.93470347
0.20694108
0.14734381
-0.077968786
0.16841768
0.11920133
0.032440843
-0.050820323
0
0
0
0
0
0
0
0
0
0
0
0
0
0
0
0
0
0
0
0
0
0
0
0
0
0
0
1.0633641
0.68162935
0.35703008
0.30465143
0.30940702
0.044523285
0.18562772
0.23886551
0.19528567
0.14025127
0.21804482
0.41216986
0.39676907
0.15300649
-0.0017484176
0.41174942
0.48551827
0.41787794
0.13322525
-0.11243357
-0.20037628
0.11334312
-0.28105444
0.055945403
0.2154801
-0.041372543
0.38060023
0.002637362
-0.067157512
-0.013211523
0.42742755
0.2186654
0.26661928
0.33850559
0.15656779
0.36315196
0.055841661
0.0047152491
0.11738854
0.036161269
0.14254526
0.054813187
0.18329881
-0.018228452
0.76262722
0.76262722
-0.077876393
0.69592027
0.46577174
0.32917832
-0.078960731
0.59181562
0.15342648
0.53169143
-0.084271061
0.42332659
0.54078504
0.54078504
-0.049466774
-0.066224858
0.077751506
-0.00074138453
0.20932154
0.67587949
-0.15218004
0.049123326
-0.062201844
-0.23322536
0.024803186
-0.17745462
-0.19591029
-0.15833834
-0.42542327
-0.45697557
-0.26054468
-0.96211372
1.1593177
-0.37790959
-0.27156883
0.8105039
-0.3066074
-0.050017699
-0.32358017
-0.35707892
-0.38758894
-0.35426679
-0.36587174
-0.38105715
-0.38503538
-0.39135222
-0.36581903
-0.40980273
0.29068395
-0.46221535
-0.47859268
-0.46239427
-0.47716585
-0.51013875
-0.049418656
0.82947081
-0.1974682
-0.57691521
-0.5464817
-0.21464156
-0.19577178
0
0
0
0
0
0
1.1204101
2.0847835
2.0946174
2.498133
1.1432996
1.1870847
1.5707606
1.6058533
0.66347218
1.0593665
1.1613689
1.7607717
0.85967282
0.82758371
0.41379076
0.91896677
0.77899558
0.45122747
0.86808448
0.4543109
0.30965838
0.14359099
1.2417543
1.2417543
0.062401834
0.24007095
0.13652359
0.28678043
0.16779709
0.039727623
0.093047078
0.17579233
0.1320282
-0.44353438
0.36563133
1.0126406
0.29018593
-0.081497612
0.50046214
-0.96033953
0.51096175
-0.0010422202
-0.39974055
-0.36338509
-0.49534686
-0.64209752
-0.60310682
-0.17579141
-0.6594597
0.026298181
0.52946742
0.01580365
-1.0658535
-0.60188694
-0.45988601
-0.19788796
3.129408
3.0155615
3.1154949
2.6245047
2.491014
2.3364754
2.0882517
2.8939324
2.8817047
2.0024643
2.5246713
2.7106261
2.5923805
2.2863466
2.1266295
2.2651293
2.2651293
2.0099571
2.0411526
2.1056164
2.2360942
2.6395986
2.1781528
1.9962164
2.1083235
1.8424123
1.7986225
2.165141
2.7192944
1.3435008
1.7624758
1.577374
2.5737082
2.415937
2.4397763
1.6665235
2.1921044
2.1921044
1.7484852
1.683861
1.6903132
1.7777956
1.2878113
1.9664541
1.4995925
1.3454656
1.9155312
1.3211154
1.826609
1.7805077
1.8949781
1.736494
1.4792712
1.6967524
1.4211642
2.0019919
1.5424044
1.4658348
1.7286677
1.4257126
1.8314118
2.1459468
2.1459468
1.88944
1.8948034
1.5797544
1.7487324
1.3808412
1.4424411
2.1257005
1.6685263
1.8267909
1.3731141
1.5789752
1.1512147
1.3539222
1.5672525
1.3086041
0.83210362
1.3729573
1.6640254
1.1248034
1.672596
1.8191722
1.102215
1.6578146
1.4752363
1.768428
1.3321933
1.2505145
1.295897
1.4846402
0.8251376
1.587535
1.5861043
1.8422766
1.4861943
1.3417767
1.2195585
1.4938601
1.8248608
0.68176854
1.3106966
1.043638
1.3710615
1.2783702
1.5041754
1.0988632
1.1318478
1.5075867
1.4942837
1.0718604
1.2696194
0.8341937
1.1209935
0.58548638
1.9114305
1.345435
1.3298473
1.1464797
1.6441657
1.2456122
0.9594155
0.6885091
0.86820816
0.95576148
1.0342176
0.98364621
1.2181957
0.74494615
0.72370892
1.0310761
1.5196222
1.5196222
1.4380957
1.3365208
0.90343546
0.73394635
0.87043964
0.39875267
0.2696532
0.59471908
0.61201584
0.2561682
0.89133235
0.93383147
0.52909411
0.20710112
0.98566752
1.1510462
1.087955
1.3183809
0.33318529
1.2095927
1.1116031
1.6816395
1.1591623
1.4234706
1.2873213
1.953994
1.2290087
1.2793576
0.25127139
0.36955125
0.52116047
0.30119232
1.1236474
0.25102628
1.3042103
0.26328378
0.44477869
0.96724404
0.27751163
0.33990143
1.1185535
1.8566192
0.28150594
0.29311119
0.9119713
0.85481819
0.32492188
0.26553769
1.2150863
0.86323687
0.27782998
0.49868181
0.32544402
0.3173212
0.20623119
0.96615807
0.34122081
1.1502662
0.13114696
0.24471236
1.3983083
-0.067812257
-0.012610363
0.27759094
0.014246128
0
0
0
0
0
0
0
0
2.3085587
3.2416773
2.6349175
1.9979353
2.7102853
2.0867545
2.1520868
2.4849202
2.1404079
1.958208
2.0278707
2.9528784
2.3505766
2.3505766
2.2411243
2.2411243
1.241171
1.6344081
1.2429719
-0.59893694
0.2544575
1.2527157
-0.51569394
-0.084370128
-1.1332549
0.49547264
1.3257264
1.1862854
-1.6662812
0.072926481
-0.32638386
0.21849308
-0.50775306
0.83640038
0.42996632
-0.13042179
-0.89631042
0.99185316
-0.0043903759
0
0
0
2.6164611
1.3737929
1.4088652
2.4009337
3.0438679
1.5072617
1.7972193
1.8196655
1.2343507
1.0945831
1.255248
1.557685
1.5467304
1.6793966
1.363082
2.2276662
1.6445165
1.3670985
1.7702515
1.7124422
1.3947996
1.1768396
1.5059282
1.5813353
0.9385718
1.0174685
1.7498939
2.1813273
1.2893692
1.4715057
1.2215654
1.6213691
1.4668698
1.6872978
1.4383843
1.5051714
1.3742339
0.93007418
2.1747982
1.7087183
0.77061708
1.082816
0.99339438
1.6329557
1.0504568
1.1254433
1.0471243
1.434772
1.7682611
1.6616866
1.1020956
1.5162403
1.1911406
1.8520858
1.4050311
1.5825197
1.2621713
2.2532736
0.93315361
1.545564
0.58310783
0.99120703
1.0067173
1.7799275
1.7645152
1.5191402
0.96541945
1.6810347
1.3831313
1.6525861
1.2848017
0.80696489
0.97032885
2.1617859
2.2590857
2.0373893
1.3969838
1.3207553
1.2081408
1.6126612
1.4678923
1.1021146
1.505651
1.6393921
1.0177584
1.6859723
1.426902
0.89575198
1.2459764
2.7501007
0.32315409
1.6111382
1.6359832
0.32171992
1.624172
1.6628895
0.75512594
1.8988541
1.8362206
0.40286209
1.2734675
1.6749458
1.897719
0.41703224
1.5294678
1.5812902
0.93249292
1.1576555
0.52343235
0.85817337
1.0535817
1.4391081
1.1399298
1.0857202
1.3014947
0.17171843
0.92360331
0.62078866
0.70946943
0.77454508
0.46502341
0.64600279
0.8291274
0.47088618
0.60225329
0.84689101
0.56335682
0.11807559
0.30389851
0.39483134
0.012336997
0.31733477
0.47046792
0.78036271
0.91698713
0.30328389
0.54328217
0
0
0
2.7146816
1.7925965
3.1114938
1.3226912
1.2365051
2.0367544
1.4186221
0.98599714
0.57257557
0.53507215
0.63994703
0.74296002
0.70856791
1.4533175
1.4643344
1.0583487
0.97521211
0.66965882
1.0481918
1.2189593
1.1056548
1.6047053
0.75706101
0.69723047
1.0224854
-0.10967859
0.75280773
0.83708843
-0.0065254091
0.85105165
0.30540168
0.20670726
-0.039939518
-0.093446899
0.022293014
2.0886016
1.6816201
2.1946021
1.3678791
2.0331075
2.2806745
1.4647909
0.90330049
0.97876298
1.0371059
0.4748991
1.0087108
0.52098307
0.35630389
0.37011259
0.30830304
0.38694743
0.34772239
0.14641023
1.3266716
0.15850286
0.65173866
0.2032111
0.042632575
1.0135301
0.51112827
-0.057387338
0.97031675
1.0014472
0.13240139
0.66993126
0.80857001
0.2690153
-0.10195419
1.4464406
1.4464406
1.0266885
1.133604
1.133604
1.133604
1.0595033
1.0595033
1.0595033
1.0071112
0.9673645
-0.26668783
0.97914446
0.76779129
0.17125492
-0.032427254
0.56094762
0.3345344
0.26369797
0.27029693
-0.27744512
0.25570315
0.15482936
0.095691169
-0.0020650487
0.99800429
0.077587525
0.11680078
-0.13108876
0.081466615
0.12143033
0.068608879
-0.001175548
0.020705279
0.022562301
-0.11527363
0.0028905723
-0.0458206
-0.072469186
-0.10554247
0
0
0
0
0
0
0
0
0
0
0
0
0
0
0
0
0
0
0
0
0
0
1.5701632
2.6674018
2.9860384
2.1587946
2.1903154
0.36079192
0.77477913
0.71620446
0.2854895
0.38857088
0.19590859
-0.17569873
0.095738646
-0.1877054
-0.16750302
-0.16986958
-0.17980475
-0.17880618
0
0
0
0
0
0
0
0
0
0
0
0
0
0
0
0
0
0
0
0
0
0
0
0
0
0
0
0
0
0
0
0
0
0
0
0
0
0
0
0
0
0
0
0
0
0
0
0
0
0
0
0
0
0
0
0
0
0
0
0
0
0
0
0
0
0
1.4896136
1.9644842
1.0832119
1.6943452
0.90464961
2.0861505
2.5386019
1.7937465
0.95744912
1.150235
1.1241897
0.73393694
0.81722121
2.0653531
0.83429145
0.76351459
0.90208285
0.68916518
0.99158136
0.87861599
0.8412375
0.6033496
0.4958655
0.4585097
0.31886258
1.7868116
1.66327
0.33700437
1.5964596
1.5964596
1.5964596
0.34548939
1.5546363
1.5247525
0.43256195
1.4802023
0.061996692
0.2990046
0.26505403
0.091809071
-0.052925334
0.18930009
0.16042633
1.6964692
0.051023964
0.2223431
0.018812617
1.4389691
0.013464348
0.35180383
0.11911293
-0.046938939
-0.15923768
-0.1770396
-0.24297121
-0.17910642
-0.24028222
-0.3740865
0
0
0
0
0
0
0
0
0
0
0
0
0
0
0
0
0
0
0
0
0
0
0
3.718098
2.4773471
2.4453444
2.9922001
2.4829671
2.2836374
2.2836374
2.1514989
2.1514989
2.1514989
2.1514989
2.1514989
1.6649395
2.0662085
2.0662085
2.0662085
1.6543215
2.2196446
0.94962137
2.005396
2.005396
1.9584781
1.9584781
1.9199976
1.7304691
1.5217713
0.82111783
1.0599951
1.8310322
1.8931868
1.8310322
1.6810433
1.7657629
0.93036171
1.3061226
2.6900378
2.3369834
1.5720941
0.17521982
0.60960091
0.14093582
0.37979009
0.36564675
0.35079095
0.50970211
0.13684987
1.2528005
0.32908014
1.234819
0.45180443
0.2768061
2.3273983
0.26141584
0.37135068
-0.055493076
0.25588728
0.32455
0.16093362
0.18254071
0.15101692
0.15378678
0.11860865
0.22747422
-0.19157615
0.11668869
0.067667702
0.011415558
0.015861074
0.0057954038
0.6166193
-0.025299861
-0.071467855
-0.12284337
-0.11099483
-0.091719172
-0.11423045
-0.11393104
-0.17220212
-0.17367205
0.052367482
2.4526326
-0.20125924
-0.18201085
1.3145719
1.3145719
0.18810885
1.1094446
1.1094446
0.059328374
-0.24489315
-0.02467996
-0.050739165
0.50282704
0.30254182
-0.24730585
0.65750516
0.54792974
-0.054846198
-0.34410334
-0.34807359
0.49298644
0.80975802
-0.12295834
0.50177294
0
0
0
0
0
0
0
0
0
0
0
0
0
0
0
0
0
0
0
0
0
0
0
0
0
0
0
0
0
1.6041949
1.5886912
1.2472687
1.0088037
1.5183945
1.1427097
0.58912879
1.3952453
1.1579347
1.7681789
-0.29282593
2.0427126
2.0427126
2.0427126
1.72054
0.67965099
1.6772023
1.6772023
1.3439028
1.4630417
1.4630417
1.4630417
1.323213
1.323213
1.2238896
-0.21303388
1.1484373
0.13596437
0.58436832
-0.99823867
0.017147827
-0.10105267
1.5814509
0.58530512
0.90465727
0.34874042
0.37817493
0.8457589
-1.0926966
0.034038573
-1.2202535
-0.022850465
-0.33762808
0.28343394
-0.0042735044
0.7200295
0.37267835
-0.016917751
-0.36751152
-0.071078825
-0.39298115
-0.16347387
-0.63063513
0.84840248
-0.48709784
-0.16416764
-0.49300889
-0.55485
-0.88022767
-0.64107626
-0.34261827
-0.34025681
-1.2045936
-0.33220446
-0.3678299
0.062954946
-1.0715407
-0.77618206
-0.78017591
-0.46037866
-0.42704569
-0.79529975
-0.48156414
-0.6029043
-0.52142716
-0.58717488
-0.61799244
-1.1500054
-0.73304549
-0.28553949
-0.79131837
-0.81602508
-0.33660771
-0.60762971
-0.63623487
-0.49964447
-0.4007287
-0.68026881
-1.3909148
-0.34274641
-0.10973581
-1.1377111
-0.31755714
0.027799185
-0.17647307
-0.14627679
-0.15174709
-0.18685376
0
0
0
0
0
0
0
0
0
0
0
0
0
0
0
0
0
0
0
0
0
0
0
0
0
0
0
0
0
0
0
0
0
0
0
0
2.4333742
2.3435333
1.9579434
1.8868134
1.8340377
1.7389696
2.6210227
2.1199006
2.3471095
1.8683965
2.1091744
1.5642499
1.9645864
2.4776784
1.5473495
1.8334955
1.9652582
2.0019101
1.4048941
2.3241304
2.4394038
2.0764493
2.2353182
1.8556076
2.564911
1.9416452
1.9416452
1.9416452
1.9416452
1.3829041
1.8145281
1.8145281
1.8145281
1.8145281
1.8145281
1.8145281
1.8145281
1.8145281
1.8145281
1.8145281
1.8145281
1.747026
1.747026
1.747026
1.747026
1.747026
1.747026
1.747026
1.7103688
1.7037792
1.7037792
1.7037792
1.7037792
1.7037792
1.7037792
1.3286838
1.671262
1.671262
1.671262
1.671262
1.671262
1.671262
1.6437914
1.6437914
1.6437914
1.6437914
2.0067821
1.4926029
1.6188661
1.6432216
1.5323689
2.2033371
1.5953205
2.5549
1.7220312
2.2420903
1.5726179
1.5726179
1.7323384
2.0436082
1.2691616
1.5289073
1.5077424
2.0195451
1.3719363
2.0946253
1.6815299
2.7243882
1.7676977
1.9946419
1.9332664
2.4102965
1.3597174
1.8689255
1.2867312
1.2946962
1.36476
2.0891604
1.243449
1.730939
1.2333284
1.1967381
1.1982014
1.0029978
1.4570642
1.3936607
1.2505575
1.4669274
1.3783874
1.607579
1.6082518
1.7797413
0.93025216
1.4669028
0.97395036
1.1495082
1.2315489
1.7612032
1.7612032
1.7612032
1.7474139
1.7474139
1.5745045
1.1597388
1.5620078
1.1288794
1.4951607
1.4833676
1.4833676
1.4833676
1.45313
1.5146689
1.2009315
1.4416736
1.4416736
1.3884409
1.4256087
1.3238436
1.4040679
1.1484117
1.3927423
1.2344112
1.6216727
1.2855508
1.0882381
1.1690781
0.98251176
0.88168417
0.59113637
1.4929661
1.277396
1.7130052
1.0603633
0.65365028
0.76437946
0.6291971
0.80735115
2.350511
0.79873241
0.80770134
0.64881142
1.2273125
1.2094604
1.1429062
0.84607593
0.66240397
0.708684
0.62679131
0.82320706
0.38408769
0.53549225
0.73355084
0.4829013
0.40851708
0.62930288
1.5889083
1.6473531
0.21457533
1.1926649
0.35555214
0.3818814
1.1435561
0.37337223
0.85430357
1.0036956
0.81909199
1.1107493
0.22816821
0.25766837
1.2941809
0.48157746
0.44579938
0.26478979
0.33806231
0.67535822
0.10983829
0.42451726
0.19785118
1.1022687
0.97981994
0.92091201
0.19390689
-0.22055067
0.94138113
0.12449512
-0.027785339
0.7939142
0
0
0
0
0
0
0
0
2.3245768
2.2801707
1.9986627
2.0271234
1.7587256
0.44969325
0.36355475
1.4008019
0.89825032
0.21562983
2.0443421
0.82034375
0.087965035
1.8011297
1.0485238
1.8849805
-0.088169775
1.5916902
1.5916902
1.5028547
1.3427167
0.099606483
1.1251607
1.284178
-0.13973243
0.89713993
1.2154781
0.45954148
2.3193634
1.1932716
-0.18760191
0.66094519
1.2570339
0.69844125
0.60894212
1.3610553
0.75186575
-0.00037307016
0.013186056
0.49157488
1.7224683
1.2531694
0.74057488
0.65030442
1.2591477
-0.018293726
0.15413001
0.54430964
0.0024161572
1.3329834
1.3420011
1.3420011
1.3420011
1.3420011
1.3420011
1.2341052
0.16326665
-0.1020103
0.18786034
-0.10558328
0.66094259
1.0412748
1.0412748
0.78452848
1.386693
0.13043649
0.86623917
0.066306122
1.1946627
1.6688649
0.14796153
0.60595585
-0.23456576
0.23376484
0.91231473
0.18842612
0.16961458
-0.48277177
-0.57908851
-0.15588507
0
0
0
0
0
0
0
0
0
0
0
0
0
0
0
0
0
0
0
0
0
0
0
0
0
0
0
0
0
0
0
0
0.91626324
1.7663757
1.7591286
1.7909968
1.1446291
1.624038
1.3478517
1.326262
2.3502723
1.3669658
1.2564231
1.3191805
1.1631993
1.1534395
1.3650918
1.1119973
1.528786
1.2469321
1.331664
1.1905384
0.7494174
0.80505634
1.7529521
1.0491953
1.4432064
0.88154632
1.0177654
1.009941
0.98410186
0.54945763
0.025274079
0.72987656
1.4737429
1.1111683
0.53973112
1.1937027
0.77417364
0.41178723
1.4584571
1.7725368
0.30978728
0.80972469
1.5156136
1.3668252
0.78277877
0.24158706
0.5756381
0.80648066
1.001831
1.0353364
1.2139047
0.96801299
0.77594412
0.80623252
1.6707935
0.72801376
0.80806412
1.7659354
0.71803426
0.7476121
0.98403884
1.018718
1.1487087
0.22793327
1.2784882
0.79360765
0.47570428
1.21689
1.5118301
0.42317939
0.66483121
0.70597891
1.1129243
0.23318643
0.14754277
0.13640369
1.2959233
0.60587397
0.61441552
0.23488065
0.94885542
0.96043237
-0.093765854
0.45601355
0.89884444
0.76260045
0.83978906
0.83978906
0.61175055
0.75596443
0.75596443
0.75596443
0.75596443
0.72975866
0.72975866
0.93907935
0.34348653
0.70357905
0.4572708
0.91454821
-0.087563574
0.72652498
0.76936791
0.19038904
0.62003304
0.84328875
0.091760807
0.73634634
0.73634634
0.64589627
1.2174237
0.55932575
1.0396232
0.45767535
1.0162228
0.73255723
0.029725012
0.6475294
0.52378727
0.21790453
-0.011009111
0.61903326
0.33609243
0.72189623
0.88995078
-0.010613028
0.088487874
1.3280459
0.43110478
0.58929615
-0.0062510939
1.0236103
1.7014553
-0.11076465
-0.0018813509
-0.040451813
-0.39605947
-0.19881579
-0.22520934
0.26684513
-0.23325965
0.33149079
-0.11360234
-0.15312459
-0.20311429
-0.15026247
-0.20947782
-0.33471069
1.4279631
0.42264273
-0.39695208
0
0
0
0
1.3178065
1.8501197
1.2274042
0.96909524
0.60085285
1.3204817
0.74889974
0.52065733
0.97385812
0.2671612
1.7332841
0.13317377
1.2611278
0.77505946
0.50465826
1.1193716
0.91256619
1.0585765
1.1210625
0.33183602
1.138897
0.077869267
0.78192821
0.61582615
0.55719233
0.33463922
-0.40968967
0.9957117
-0.050153486
0.054077137
0.2993984
1.1356071
0.64936018
0.73320831
-0.14784246
0.38520177
0.14296768
-0.050385382
0.11316629
-0.074792062
0.062201536
-0.26967353
-0.26038522
0.63698711
-0.050622448
-0.060711304
-0.14238564
-0.11513257
0.066869033
-0.36671497
-0.15242375
-0.28841176
-0.18172274
-0.47358922
0.67194255
-0.30516594
-0.28848128
1.7437721
0.11908997
-0.37151166
-0.41309313
-0.090464347
-0.46076102
0.5780667
-0.44955982
0.67066389
-0.46455377
0.80023366
0.54013882
-0.49366941
0.62171713
0.16452063
-0.49872154
-0.043440451
-0.55364707
0.033783999
-0.06465857
0.15483726
-0.61890916
0.087615938
0.138417
-0.6288911
0.14931995
-0.013172888
0.14153618
0.82396691
0.13328081
-0.67283707
0.091118183
0.028832079
0.69221824
0.082470896
0.72106544
-0.093526847
0.0045299226
0
0
0
0
0
0
0
0
0
0
0
0
0
0
0
0
0
0
0
0
0
0
0
0
0
0
0
0
0
0
0
0
0
0
0
0
0
0
0
1.3844938
0.96678764
1.2678627
1.3440412
0.98758921
1.4468721
1.2197621
0.86541479
1.5224367
1.3385578
1.6135482
0.9723947
1.7997814
1.7909236
1.7874791
1.7284348
1.3002274
1.5003405
0.94178107
1.7637608
2.1062986
1.5813537
1.0672029
1.5847089
1.2750319
1.567385
0.94070252
0.71567614
1.290574
1.7941877
1.7941877
1.2731962
1.3923453
0.83747828
1.2989545
1.2989545
1.2167517
1.2167517
1.2167517
1.2167517
1.0453408
1.165041
1.165041
1.165041
1.165041
1.165041
1.165041
1.165041
1.2229432
1.1277707
1.1277707
1.0978944
1.2590704
1.1133054
1.1222122
1.0721061
0.63838161
1.2215753
0.94066016
1.0063066
1.1427032
1.5482517
1.2523204
0.83762372
0.95709
1.2644821
0.50602784
1.087863
1.109277
1.0641105
1.3195506
0.45832968
1.1727722
0.59460805
0.82546056
1.3591946
1.1084328
0.98064782
1.0656608
0.77696925
0.78122355
0.61396472
0.76339446
0.67010861
1.3143769
0.85868829
1.0146293
0.62624632
1.0309072
0.90403236
1.0185212
0.35436029
1.150338
1.2752789
0.43577691
0.83531545
0.33789498
0.20027741
1.1814903
0.56640653
0.64016579
0.77453974
0.72522134
1.3073098
0.23448698
0.63382019
0.072913246
0.28877044
0.75944758
0.21534535
0.1423382
0.076981457
0.65973016
1.0860354
0.7466507
0.10116045
0.088599171
0.08658265
0.62049635
-0.04780247
-0.034599113
0.34131566
0.18384548
0.3743818
-0.002094345
0.31821128
0.027986464
0.17058949
0.12519088
0.068280029
0.007438542
0.0080480392
0
0
1.7136826
0.988844
2.4456257
1.7048766
0.94494407
1.6576252
1.3159016
1.534965
0.6748112
1.5544792
1.3647441
1.0871377
1.5257976
1.3994721
1.4845767
0.90519305
1.9432331
1.2255382
1.3455502
0.60076098
1.9300178
1.2287765
1.334865
0.7857819
1.1774644
1.5786043
1.1564524
0.85698768
0.73656433
1.4177561
0.71342628
1.0344868
1.3840462
0.6868259
1.2051791
0.72137241
0.68015473
1.0620446
0.62209416
0.6114462
0.98193089
0.88520194
1.5427598
0.65985895
0.62202897
0.87983051
0.55719648
0.62686289
0.57200007
1.2934177
1.0766697
0.59583588
0.6118763
0.66728554
1.2422374
0.58599458
1.2721926
0.63113154
0.44584677
0.78363953
0.78230865
1.0079797
1.0326783
0.80162407
-0.70663487
0.86288483
0.7247794
0.50792329
0.69126162
0.80780056
0.39952862
1.0428993
0.88274261
0.56930638
0.91685005
0.60859139
1.12187
0.4033909
1.2718247
1.0531346
0.3299439
0.35620576
0.39579546
0.89824998
0.37386578
0.30817687
0.42885199
0.40924042
0.40924042
1.0250354
0.79787143
0.73628615
1.0230393
0.31106413
0.88791693
0.36569312
0.87234249
0.44715054
0.38600227
0.40002798
0.61913912
0.42627945
0.20774214
0.27614883
0.78175463
0.15197475
0.68582213
0.21957048
0.42887946
0.39362008
0.19965257
0.34997524
0.33874725
0.22185706
0.36050039
0.33527358
0.024272734
0.29887236
0.30599585
0.088858118
0.2229039
0.097194122
0
0
0
0
0
0
0
0
0
0
0
0
0
0
0
0
0
0
0
0
0
0
0
0
0
0
0
0
0
0
0
0
0
0
0
0
0
0
0
0
0
0
0
0
0
0
0
0
0
0
0
0
0
