## ListNet
## Epochs = 300
## No. of features = 45
1 2 3 4 5 6 7 8 9 10 11 12 13 14 15 16 17 18 19 20 21 22 23 24 25 26 27 28 29 30 31 32 33 34 35 36 37 38 39 40 41 42 43 44 45
0
0 0 0.3605432885894539
0 1 0.28915748867474506
0 2 0.35343920450042415
0 3 0.4947164239491661
0 4 0.002106052590534091
0 5 -0.013402831740677357
0 6 0.05960135906934738
0 7 0.5846818389003287
0 8 0.3759556540522641
0 9 0.5834190328583355
0 10 0.40892172421672446
0 11 0.4463557345493263
0 12 0.481673504177281
0 13 0.4858530345031761
0 14 0.5973282100677911
0 15 -0.017618455138725092
0 16 0.11228693889234234
0 17 0.1007258966718063
0 18 0.01842233151672348
0 19 -0.09698530286550522
0 20 -0.08150336146354675
0 21 0.09154932200908661
0 22 0.057676470985643366
0 23 0.005134374309756053
0 24 -0.019145066820729025
0 25 0.13755803412377943
0 26 -0.12535915428804992
0 27 0.01168111785526885
0 28 0.015976475157120952
0 29 0.13295827039724054
0 30 0.007670886711849879
0 31 0.21522577230551287
0 32 0.2921303980926063
0 33 0.18483686305269853
0 34 -0.006261366419494152
0 35 -0.086805060505867
0 36 0.024083543568849564
0 37 0.35821849663815664
0 38 0.18106239340458102
0 39 0.3416624341690704
0 40 0.40432271712279355
0 41 0.20798412902050636
0 42 0.41206734732768524
0 43 0.43491730215439894
0 44 0.35194282480829314
0 45 -0.005916243884714092
