0.9971136238921511
0.9996249047622101
0.9992456113791982
0.9968869595653619
0.9972530372413313
0.9989487500454418
0.9978729320589685
0.9992741679534428
0.9967913119976154
0.9980062088535108
0.9991296859327824
0.9964042174955612
0.9979713023044843
0.996996427675098
0.9918754256110144
0.9962117489116309
0.990499964903566
0.9946274175036443
0.9732933961698345
0.9964464046570759
0.9963570087195659
0.9988143041580101
0.9944701194081099
0.9926487381002072
0.9935434286456722
0.9989474390304629
0.9979360380375929
0.9955775261518044
0.9970014261011528
0.9985244909402963
0.9920483457869704
0.9943878239174875
0.996941166435253
0.9954854857831856
0.9786575512358392
0.9987222914174174
0.9974919147373704
0.9047972922685675
0.9963267676399162
0.9987746592953538
0.9835155367551167
0.9980796984117598
0.9962677964238978
0.997934594409344
0.9881206213188546
0.997822270948504
0.9975646306858654
0.8942971931807404
0.991229266542718
0.9961166220923853
0.9930759331531992
0.9941932066244323
0.9973168346588687
0.9966906729610514
0.9946647259986093
0.9973499140922776
0.9950341172488063
0.9907314313475561
0.9946153031657943
0.9472824000523434
0.9931439050546423
0.9970061968097428
0.9940362320767836
0.9901722870082639
0.9964919991881318
0.9935911807166351
0.9897406807740736
0.9979814251350921
0.9962971391422036
0.9943084126595565
0.8913554175190148
0.9924420623168941
0.9971066587125493
0.9920934516673243
0.9983618487720963
0.9934826879735512
0.9969515812827581
0.9936645694918789
0.9924150109747317
0.8870214551110344
0.9927334983786006
0.9294306342776724
0.9925312075423234
0.880680283793272
0.9982863630450439
0.9941259869759153
0.9948079488730459
0.9925334996652976
0.9952333463885334
0.9900128469197508
0.995367442614358
0.9928165375140866
0.9948908633762228
0.9853350605215917
0.8657907560909524
0.9836679795797759
0.9901584939767376
0.9880969260600491
0.990337332598375
0.9928008777620685
0.9842886581700561
0.9898221002107214
0.9896283499468574
0.9907448264914024
0.9918512883939797
0.9924172544897373
0.9954859670500749
0.9960418685259147
0.9949624861622565
0.9895989152535108
0.9865997189378877
0.9898405350489002
0.990790812076149
0.9945236191967649
0.9939297745173186
0.9946464998976375
0.9989169517813672
0.9858780348091633
0.9903320854494894
0.9838615721254619
0.9952917369337965
0.9682959117478166
0.9891207006719024
0.9924190947454092
0.9923490767535008
0.9852230681742353
0.9927698239530031
0.9976182133371736
0.9907859390299785
0.9910843513476804
0.9890123719849315
0.9847069418879942
0.8461663820531087
0.8365522454513372
0.9957491327722505
0.9852723256034325
0.9842989690805698
0.9902695954949031
0.9796509297481212
0.9868522363981503
0.812155731674266
0.9930393007476882
0.9523113081966461
0.9898599073925769
0.8365624256096484
0.9346866334037616
0.9893456443129532
0.8120339846263402
0.8117960135553848
0.9899102511739868
0.9771949425321637
0.8466486501091954
0.9837297664137905
0.8101146417594547
0.99022106799381
0.948239793143638
0.9339511912142867
0.9877631590450302
0.827898355665689
0.9889222975739108
0.9871383008970669
0.829584282074063
0.8194371030311832
0.9849318568913159
0.8137705868315666
0.9178643615621014
0.8161252636070981
0.762967761933763
0.9872409134976171
0.9415730583727411
0.915971484091486
0.9230737309902963
0.9594359375209432
0.9509715582223891
0.7821257224265773
0.9725766135469794
0.7009014877081909
0.8905930446328749
0.5647177508896604
0.49852094334297353
0.9986666958205737
0.9979636514557605
0.9986419618368089
0.9996255027525653
0.9967779909409915
0.9257341142026958
0.995861151722078
0.9958778427471708
0.9863868248446044
0.9959822638125331
0.999122002613826
0.9950195803009596
0.9981881052834845
0.9974157501516029
0.9970363656874275
0.957089450115603
0.9987010515088119
0.9959092879744056
0.9951037456774169
0.9958942240764946
0.9981785231063185
0.9768539188335384
0.9955847329040396
0.983317988186158
0.9959887131542406
0.9948646293655096
0.9946481428202081
0.9975057961529724
0.9969617556703739
0.9955312597210539
0.9953840993671391
0.9942323306425273
0.994317073930735
0.9975516147184837
0.9947911918535692
0.9949201338868553
0.9975034450656997
0.8675626331439017
0.8628453365754256
0.9968966338112049
0.9960601691749881
0.9953146090433891
0.9906625157026765
0.9705186100808026
0.9926789139577773
0.9979369001808356
0.9979369001808356
0.940694272320337
0.9648932243584828
0.8560915939032191
0.9962176851972973
0.8525201718814385
0.9953045192083773
0.9953308020400823
0.85236913342055
0.9865035960178152
0.9949633350752726
0.9897895689201784
0.9936111623503411
0.8444631527431709
0.8331479539945457
0.8367012779396588
0.8239419306078255
0.9692616753636484
0.8235232423899301
0.9577025435520463
0.9650549442596966
0.9238467395675009
0.8387391920249176
0.9627880454615292
0.9954612114682887
0.9935080100873787
0.953328661777203
0.8187388222548128
0.9874444349008911
0.9557429675675853
0.9646707284871213
0.9168975462922353
0.993796988529587
0.819147339959246
0.9937627612385673
0.8168623140663507
0.9670743080562353
0.971357792098895
0.9679022382461087
0.8006911082487936
0.7917440203867193
0.8044857347363435
0.9549352530090709
0.790283407676389
0.8067231755405302
0.9912937321418579
0.781109302451993
0.9419434528237607
0.9259531059545333
0.9457086379119088
0.9107426235499112
0.7929179012455077
0.7837597947550701
0.7606698488149901
0.7594465773659106
0.9590860557047494
0.7535180320043274
0.7517112547277504
0.9544100791719902
0.7454060771335308
0.7604422797922421
0.8860027946280963
0.8760766962675343
0.7310387584164043
0.7316319141588721
0.7261418234049971
0.7289368605415664
0.7268968505132554
0.9354489161216755
0.9612151263802882
0.9720805635234973
0.9591625223273813
0.9223738901475206
0.6927528662806254
0.6917912445185446
0.9839881699112313
0.9336492689883855
0.672345751254241
0.6138658817868078
0.6262155898718644
0.5676419017218717
0.7713647972356417
0.557773734944925
0.49852094334297353
0.49852094334297353
0.9978274809622429
0.9993868557914625
0.9997470328968574
0.9995606281589832
0.9793367625226281
0.9989682102042919
0.9977949485726263
0.9978002364608247
0.9910282225393859
0.9109887383259577
0.9978268446666752
0.9956575813872057
0.9882385686974497
0.9868516049110804
0.9929036047918575
0.9834019893731423
0.9834561213512729
0.9947288797141102
0.8958275101775106
0.9921574315613079
0.980174958886968
0.9865408889279413
0.9634804056195125
0.9783548388134046
0.9900342131328601
0.9892207454480132
0.952277397248504
0.9928701453303791
0.9552614263031691
0.9724025324525971
0.9758990599314818
0.9925007498535227
0.9937451186905008
0.8505320449737278
0.9907780400081022
0.9531053307590065
0.9382476209843501
0.9810772470435768
0.9833301850015633
0.9890920407460518
0.9823283178850177
0.9749962041700597
0.8392144198758984
0.9733465582142402
0.9730335348929852
0.8341264492419687
0.9886988668308541
0.827777242632297
0.9896409138993432
0.9283298553045484
0.9741044881344499
0.8263894277679205
0.7968318580328829
0.9714887797109627
0.9351409736961621
0.8365626455808811
0.963453376819954
0.9785263431746278
0.9608104122013001
0.9778073035697874
0.9347476562436524
0.9824013964178147
0.8013195914190743
0.8225223594702508
0.9847461801692785
0.9178770011935451
0.9889024947199307
0.970417230481158
0.9803589772246037
0.9110773717064806
0.9773987312390616
0.9706143998369337
0.9680439042926308
0.9658185054566425
0.9765638382416029
0.8035215869711334
0.9676773721219509
0.9676773721219509
0.9604957068108887
0.9759826924702766
0.9041744428095887
0.9563463402390613
0.7713351239815385
0.9643011054032706
0.9149206789686104
0.7789098801350688
0.9538370957310051
0.9751076182588868
0.973053650333252
0.9659420364605964
0.9801627980098288
0.9031653966693572
0.9210182058433274
0.9678991787523044
0.9732069727437652
0.7801424854870633
0.9588021337316837
0.968363442522102
0.9321847273829162
0.974582610668979
0.7564678303844569
0.9553676214316073
0.9425840876013881
0.9662057043948002
0.9239688998779655
0.7405730695844386
0.9348676818311951
0.9631995486378971
0.7153590848234546
0.9592990015891539
0.7353843937690007
0.9633345039249219
0.7237974838415577
0.9441306843558873
0.7501576711856457
0.7355112356660257
0.9545063509181015
0.8710969137162359
0.72130983878051
0.7113064237232357
0.7124511450821199
0.7104703758896398
0.963437058767203
0.8834503435455859
0.6957865334104765
0.9423501047925912
0.707899150208906
0.8964327447556931
0.6879724832759244
0.6970914634238244
0.8303630199485303
0.6955286554696914
0.9030686894033739
0.6797686639440169
0.8588503942444642
0.9495146844969931
0.67600389096696
0.8926559580165877
0.833767769873495
0.6492199339280037
0.7955655910411867
0.8285755537137992
0.6438423827165424
0.6489667484505056
0.8388533533873415
0.8366561274592992
0.6511645290476888
0.8320188853344178
0.6334348172171326
0.631265476971679
0.617786897873801
0.5867812866259929
0.7882883301328458
0.7253377462196433
0.5861426538281571
0.7802901815706691
0.5784498520291506
0.755189459720125
0.755189459720125
0.80490414403032
0.6011054654383394
0.5780269490946028
0.7041549547712797
0.6076048093155462
0.5753572225337362
0.7202505300673095
0.5889020714374945
0.5727135464014709
0.568651320687107
0.5668358711553734
0.7488236177475762
0.5679902226150938
0.5701107410394349
0.5502629014929001
0.5635265279423692
0.561466890862927
0.5616799281602898
0.5544797658008029
0.5544953744277871
0.5561997059334487
0.763128557283544
0.5344798407274164
0.5311445271547671
0.53198153010359
0.523822652108868
0.5194367756928817
0.49852094334297353
0.49852094334297353
0.49852094334297353
0.49852094334297353
0.49852094334297353
0.49852094334297353
0.49852094334297353
0.49852094334297353
0.49852094334297353
0.49852094334297353
0.49852094334297353
0.49852094334297353
0.49852094334297353
0.49852094334297353
0.49852094334297353
0.49852094334297353
0.49852094334297353
0.49852094334297353
0.49852094334297353
0.9331375164115745
0.9898703187861858
0.9996214228263524
0.9985531023023941
0.9994386589646793
0.9994386589646793
0.9988395534757133
0.9981576462611599
0.9992276960888092
0.9992276960888092
0.9985219100690558
0.9989924786940713
0.9908573818298546
0.9983987608819321
0.9992433652911471
0.9199458387874117
0.99077241112373
0.9919904938306882
0.9984766125081967
0.9987534914124262
0.9984227224858385
0.994257339253593
0.9833360553389988
0.9965746982034388
0.990693720618204
0.9875333614435584
0.9979362204345662
0.9862775753422112
0.9817681656926128
0.8979891747592382
0.8993898487455881
0.9721457559674865
0.9139123631377241
0.9977751821910295
0.9985160642831191
0.9989689526049094
0.9973060308578904
0.9857500560871472
0.9975001100842319
0.9976663190916075
0.9987765444866313
0.9886842398729858
0.9978090586860006
0.9838262556759418
0.9889357045337528
0.8887932026468276
0.9860925843028069
0.9844264874066289
0.9862291549506864
0.9872310493945283
0.997160631235181
0.9909944215245627
0.9877775456171408
0.869140225559693
0.9898382617319046
0.9800659097183054
0.8722342070944782
0.9979087663775886
0.9843382656441626
0.9966899017110167
0.9725980672999004
0.8585478284209145
0.9798152050224443
0.9619891046108489
0.9890219560307568
0.9888541288323642
0.985703123149601
0.9822761917530868
0.8508070161213601
0.9769459509692296
0.9785892504530855
0.8440620852301646
0.8394898065488039
0.9739586782107715
0.8481986763087952
0.831556814391528
0.9846009306871586
0.9778971591671707
0.992309112534079
0.8227301229182644
0.9631554167216106
0.9887419926304475
0.8149168096513655
0.9850535511964865
0.9753296171563983
0.8133720675957511
0.9615251208728693
0.9470327515098279
0.9748218200039324
0.9868041922248036
0.9863206457313295
0.8062212053941453
0.8220422671914797
0.7764082359232725
0.9445667821235173
0.968506308421278
0.9932872051681926
0.9646636746948828
0.9888508166257022
0.9888508166257022
0.9812220797837591
0.9842604523140199
0.9842604523140199
0.9842604523140199
0.9796938241590518
0.9796938241590518
0.9796938241590518
0.9796938241590518
0.9752285614923897
0.9667074618875461
0.9667194230561792
0.7640995063666214
0.9619059059289706
0.9610195408604046
0.9492625108359702
0.9633211995145137
0.9224563352824666
0.9940919363977545
0.7456317391750422
0.9537091492504062
0.9436365893215034
0.969671874183928
0.9592911334388958
0.929157450762367
0.7036733369260986
0.7220873193122965
0.9353061236861575
0.7027575354374844
0.6974015872790797
0.88914114835953
0.665995909455612
0.6646235953089389
0.6621308019394198
0.9037277599864567
0.6580092365793031
0.6376563639554536
0.7728769677081904
0.7170306057346364
0.5191446330207715
0.49852094334297353
0.49852094334297353
0.49852094334297353
0.49852094334297353
0.49852094334297353
0.49852094334297353
0.9990886867407369
0.9997164810134435
0.9990228893523719
0.9991002086619459
0.9885013873885276
0.9838849112640254
0.9996731911770771
0.9071121751112626
0.9989324367155477
0.9751076891229071
0.9984492570045094
0.9047970361870935
0.9983981696769149
0.9000854967839698
0.9970248971080867
0.9989459948204158
0.9989321558615912
0.9976212023169906
0.9972608011665913
0.9981103662943814
0.9974498780943906
0.9992040180769048
0.9758971546634861
0.9984551799040532
0.9988071342092695
0.9984712944495377
0.9984624522427227
0.9975271072578088
0.8835876676875986
0.9997166860798298
0.9976567146252246
0.9965430620974187
0.9994393494735788
0.9994393494735788
0.8771755818250125
0.9979324190174987
0.8756056126315129
0.9991003971956147
0.9991003971956147
0.9991003971956147
0.9991003971956147
0.9991003971956147
0.9954283873512387
0.9972440858753463
0.998716529455227
0.9669504173551143
0.9982991936487604
0.9982991936487604
0.8748140217586617
0.8698743112631216
0.9974040443845136
0.997856296795186
0.990272618005204
0.9973934486743758
0.9973934486743758
0.8736299907770089
0.9985119875646868
0.9971704645301497
0.9982588699626859
0.9956731591455443
0.9954289225494732
0.9953539270420491
0.9954694237320915
0.9960929066120288
0.8534322342110956
0.9957299639092846
0.8492113757691323
0.8596955858601001
0.9718885604860591
0.868015150511758
0.9485061095709506
0.9512558465192598
0.8353669989883666
0.9980553220671132
0.979190960087632
0.9943880041466083
0.9990234852541606
0.953839541970464
0.9680613157353674
0.8303430371014852
0.8273877941331929
0.8451168784209193
0.9634027247380748
0.8296147636894832
0.8234670565813317
0.9606732789973172
0.8221427249427797
0.9566837655464373
0.9694513188113941
0.9792306609788178
0.9393652642382124
0.8090746997311807
0.9624877534327934
0.8058672639804852
0.9936362136784377
0.8074616359321832
0.948316509938015
0.8099006588280827
0.8026278646175337
0.817107457015339
0.7928133277955438
0.837511053582456
0.9608376523035889
0.7874341236437569
0.7800337659045006
0.7725908652165768
0.767345131229546
0.7670409046867975
0.7701402265957761
0.766228472292368
0.7599149103777307
0.9760312381650478
0.7602877250230345
0.98596458032457
0.9709928295507256
0.7540504520141197
0.9673623957077119
0.7487132963697257
0.7575003144317459
0.9596103867181239
0.7346287601899331
0.9464268099590728
0.9647340141222722
0.7360611291090357
0.7649887794300789
0.930103035470284
0.9532554564943265
0.7302620312915661
0.7256117423666194
0.7215516582893566
0.7469590428011523
0.9310510632702969
0.7181164310938887
0.7151218352971763
0.7145547548360994
0.6705656449995813
0.7045912994503704
0.9349723866720595
0.9356110874167772
0.9554307341193323
0.6785728132333576
0.691779792024332
0.6918626632150039
0.9145783942547194
0.7213256443918217
0.6855934103618236
0.6508488926192773
0.9523221884823125
0.6359869944177254
0.6696532258836808
0.668722236573483
0.6120713864165963
0.8506127108300202
0.6293645049442038
0.60212704220094
0.8856894425949815
0.5861207616751145
0.5833913849082566
0.5930869966433153
0.573626914459869
0.5893526341730008
0.5582139858361891
0.5565314402475214
0.8590078224438662
0.49852094334297353
0.49852094334297353
0.49852094334297353
0.49852094334297353
0.49852094334297353
0.49852094334297353
0.49852094334297353
0.49852094334297353
0.951474252086045
0.9407411968108451
0.999221656873483
0.9980759800959378
0.9972214959066942
0.997751476822593
0.9973310191500733
0.9075263618279859
0.9975977219554996
0.999002176307959
0.9973596800456367
0.9963335078199645
0.988018749181985
0.9957279993167816
0.9971988009146268
0.9975583218400828
0.9974769385649386
0.9968533714864493
0.9980083430927079
0.9955316581614094
0.994552572890339
0.9967127596956751
0.9941003209607511
0.9791436552122063
0.9965074455242133
0.997032933496417
0.9963181156360593
0.9973370494947227
0.9963354304118865
0.995171977648521
0.9907587280836188
0.993065805756021
0.9945213694532192
0.9963886370782877
0.9968260167698926
0.9928633362416146
0.9851805291154356
0.9931724104557764
0.9836045957838853
0.9951346361509811
0.9667423024890993
0.9924336053907176
0.9948032520801219
0.9912576741372324
0.991932877012196
0.9972545650509415
0.9911016523331361
0.9965785941403319
0.9734509015706012
0.9972355468473154
0.9981187502113766
0.9981187502113766
0.9963121849185758
0.9980796407900039
0.9963712396800731
0.9940870020198996
0.993232151990674
0.9972732786955262
0.966688141157036
0.9938094185352201
0.9773350106114924
0.9979894023798245
0.992606048804503
0.995522240860235
0.9953796018232182
0.871880569204252
0.9917173798847759
0.9970501392675896
0.995660363860389
0.8713053722325046
0.9969660855711445
0.9723640001939091
0.9783331390504736
0.8718636427881379
0.986597483679432
0.9892563349314131
0.9784859016746489
0.9921479159288995
0.9922206088022419
0.8628161743120771
0.9740566410701782
0.9907081548101906
0.9677710347498478
0.9954576798195329
0.9720110634417142
0.8586541189490221
0.977409456376364
0.9930570525601431
0.9563930937554019
0.9942077667021949
0.9723240149414617
0.9651360274998206
0.9896495951360547
0.9921470017106352
0.973431351717617
0.989658501471361
0.8485379181032892
0.9626036174584819
0.9937833767683625
0.9841116252117305
0.9956604489957361
0.9608982781831628
0.9961276929330326
0.9370161265335752
0.9941916016724841
0.9946743125783104
0.9494855788463117
0.9896503050418403
0.9733723039828582
0.9387426823124064
0.9947758758761154
0.9381895689424274
0.8263653644659765
0.8273258074419739
0.9838075345607461
0.9646894548608009
0.8220827969523978
0.9589459560351533
0.9921712378200306
0.8168293398279729
0.9489112234372475
0.8417025053261845
0.9928950781145649
0.9422024163606446
0.9441441644409764
0.8182086971280684
0.9487505633397176
0.9559024408200274
0.9452601890076223
0.8220572243875184
0.9824611375568535
0.9600864598326895
0.9846147602352197
0.9953434413963976
0.8065360936434597
0.986550663372114
0.8055780569368451
0.9431039307060759
0.8007378971142683
0.9414121900658348
0.9879450208124213
0.9483990427532879
0.9494042779228672
0.9773200288503217
0.9055820067025533
0.9844949461170095
0.9565815565625467
0.9598870516906046
0.982565096258986
0.9727216318299975
0.9309013746303056
0.7871692399055767
0.9492231052739886
0.9505480775018529
0.9050218218804015
0.7738945928844617
0.7783254822282871
0.9637854038566005
0.9731355646076205
0.7799870683445227
0.9442443718583808
0.9580175505755405
0.9898877801886702
0.7712855620124833
0.9562440962616144
0.9226782741882331
0.937956983375881
0.7682047929125161
0.921054778617516
0.9339504626063735
0.9495166005355816
0.9378422187334974
0.77336726683609
0.7779986611507438
0.9584208305181151
0.7615184333716192
0.9325781305196655
0.7588902582645618
0.7516158405785418
0.8922024384955408
0.9325165137937067
0.7606213056618489
0.9723889408808156
0.9643337369632233
0.9568324858761783
0.7548992087806192
0.9637175955607892
0.7318375077434776
0.7252542494324168
0.7404177196889888
0.9313160301864775
0.9200884655897428
0.9205558260374521
0.7347097394306628
0.9303946943264918
0.7326457940352152
0.7314702223524934
0.729275967514871
0.727601322821992
0.7105468483615736
0.7394249258888412
0.7178512529824184
0.9037462922523833
0.9765292923439429
0.6888181127790701
0.7312615776913223
0.9197599419169441
0.8728247848995841
0.7133134023332021
0.9164474840507143
0.6821753278939148
0.6718644524291599
0.7051226073622215
0.927731665596892
0.7048311235358116
0.8904851367029787
0.8557835680084115
0.8834243407110635
0.6930438693312945
0.6898343380443911
0.693932101359936
0.8591189198467358
0.6413199153813663
0.8721286766671654
0.8292657045789761
0.8702793301288011
0.8246205794302687
0.6250509490716878
0.6285138668717773
0.6283913283235011
0.6199606866723466
0.6170444794165132
0.6165909068355097
0.6038104445932524
0.5949098348593754
0.598253152137731
0.6007359391163503
0.5965590284655741
0.5841505219545966
0.569229840302548
0.5549274137974851
0.5433014623241998
0.49852094334297353
0.49852094334297353
0.49852094334297353
0.49852094334297353
0.49852094334297353
0.49852094334297353
0.49852094334297353
0.49852094334297353
0.49852094334297353
0.49852094334297353
0.49852094334297353
0.49852094334297353
0.49852094334297353
0.49852094334297353
0.49852094334297353
0.49852094334297353
0.49852094334297353
0.49852094334297353
0.49852094334297353
0.49852094334297353
0.9986957512709802
0.9992199491374553
0.9902479524754673
0.9995472464191087
0.9986488256235012
0.9963755598381866
0.9369514559150202
0.9986793061369307
0.9946483578725616
0.9633886770054798
0.9942483741664941
0.9939109659121435
0.9962483824590885
0.9977256466682576
0.9947308885155716
0.9910024235194035
0.9984552109955998
0.9981067252289464
0.9949171045917016
0.982872200377011
0.9945599591382454
0.9936553791126539
0.9972568155174756
0.9956908060445899
0.9972787238038024
0.9982894158174096
0.9960098228877674
0.9960439430151816
0.9965837482436353
0.9950845703914157
0.9958115236157838
0.9967409120107611
0.9948065732724958
0.9925052070841979
0.9884033415523773
0.9940761281646738
0.99434545891545
0.9950752151594905
0.9640868948253369
0.9957224857108804
0.9972647380005119
0.9922097875529148
0.9895157362572746
0.9970250965905794
0.9924450343288409
0.9966774947225725
0.989398154531672
0.9967119682052312
0.9958227600016505
0.9963596802534599
0.9956538342442344
0.994659763033802
0.9925001251323987
0.9883069107630882
0.990262120455384
0.9727098964495207
0.9969787388270411
0.9968601524076244
0.9958340023276844
0.9943217109549344
0.8809078480831936
0.9799246843935374
0.9940973903594814
0.884625996889047
0.9835281298403993
0.9964031682733995
0.9849356425294872
0.9897265572233108
0.9930851023293182
0.9951316924507926
0.9929344032559099
0.991062142217762
0.9884990449999276
0.9929069095780106
0.9918392539624916
0.9895363970918104
0.98589770537439
0.9883699826007386
0.9940497843075398
0.9820759059675688
0.9924508249217464
0.9876071749057926
0.9696304618727353
0.9811689088068286
0.9923146348297995
0.986068129633725
0.9917917108632652
0.9902256924278354
0.9935749611481162
0.9853300752475945
0.9824025665987417
0.9851150997237323
0.9695572605444384
0.9894692068270863
0.9841992445866043
0.9871246598556563
0.9864803676613184
0.9822099328449351
0.9795154839614212
0.9890502637057722
0.9787693391922778
0.8867311010624804
0.9802312785945189
0.6570340628731907
0.588385521006982
0.5155623301143897
0.4992345331835591
0.4992345331835591
0.4992345331835591
0.9995843466821711
0.9985251723522183
0.9985251723522183
0.9985251723522183
0.9985251723522183
0.9985251723522183
0.9981938080338361
0.997151725289749
0.997847806616845
0.997847806616845
0.9971233466169731
0.996788244091999
0.9977663727541307
0.9988616226483549
0.9990803186623082
0.9886251045091003
0.9989374965770684
0.9903904197468673
0.9897657860784169
0.9923102969073174
0.9674103416129286
0.995263817162008
0.960466998605202
0.9956191914644897
0.9405420972995271
0.9967359604583111
0.9954662109584083
0.9351541772081661
0.8594524907135407
0.9969063890546069
0.994209366406437
0.9896820245420381
0.9898344823735451
0.9887402578640425
0.986757768744136
0.9964207445071567
0.9830747312549053
0.9597500003571396
0.9921969602587393
0.9217301822914832
0.926240725504329
0.9929319642048591
0.9873358275730788
0.950609039636855
0.9845271015822712
0.9298466065636763
0.92663937153434
0.9239598373395885
0.7762903912421795
0.9252740600470822
0.9818610625544831
0.8931776561731752
0.8969923115854879
0.8758109298811213
0.9083953425550284
0.8742868287627209
0.9211393209248895
0.8987048144734687
0.8157481283847818
0.9232054246122415
0.8270405782413144
0.8324258635587183
0.846391133257679
0.8000754430354173
0.695606758251957
0.6827143493495718
0.8759405615023116
0.8358811025496661
0.6961347634783102
0.8701303113961993
0.8045194087723136
0.8691424305945755
0.7837547972666941
0.6717595377260197
0.8389808147347045
0.6593949511915301
0.6559915297596589
0.802293933561951
0.6456407941408955
0.642617363731447
0.630305976691303
0.7988167096602335
0.8261936663487793
0.6425245393946882
0.7933809223636168
0.7804259416315494
0.6392208241222026
0.6297464198051603
0.6111068695789712
0.6154716668699084
0.6302125940185686
0.6122903038861732
0.7950582937132191
0.8061258926617737
0.7612845043950546
0.6138561718912997
0.6183619103841905
0.7495458892391563
0.6057239896757842
0.6088774040034984
0.6118682147170715
0.5976415760792576
0.7457231885573998
0.8012133544867478
0.5812141140666259
0.723339518392598
0.5977586752548376
0.5983888645491983
0.6012211070600828
0.5838305672774141
0.5929866112181317
0.7325959275878408
0.5912832526730311
0.5881693590012609
0.5950639693246762
0.7672487036958793
0.5667720816451938
0.5688798679984923
0.5458710154767207
0.7514561844776033
0.5715537109465916
0.564134829083124
0.558614088079791
0.5544349157819879
0.5496095717055339
0.542771277347241
0.5465652319815987
0.5373087297168685
0.5405332101988136
0.5462655703983299
0.5358946375385856
0.5286134073241927
0.527712845040712
0.5327362852461653
0.5254078314410147
0.5220577488893339
0.523517354580957
0.5215669126754701
0.5196701509009682
0.5197227498010053
0.5179507121344626
0.5172181726391707
0.5164632283223576
0.5156434490228581
0.5166350821405431
0.5118206040039933
0.5016704763422521
0.5016704763422521
0.5016704763422521
0.5016704763422521
0.5016704763422521
0.5016704763422521
0.5016704763422521
0.5016704763422521
0.5016704763422521
0.5016704763422521
0.5016704763422521
0.5016704763422521
0.5016704763422521
0.5016704763422521
0.5016704763422521
0.5016704763422521
0.5016704763422521
0.5016704763422521
0.5016704763422521
0.5016704763422521
0.5016704763422521
0.9846135082084848
0.9234692742409198
0.9771566114970214
0.9992138329172204
0.9761681529712501
0.9905298898797673
0.9739039524387939
0.9062757084265026
0.9936163220749072
0.9151606057181556
0.9787334610615559
0.9814104660335826
0.9989636745737578
0.9683926777614938
0.8993920602678542
0.8945352031592553
0.9681780810347388
0.8948894447650986
0.9777630170354641
0.866899209099862
0.9709338987780504
0.9837991429065707
0.9978342548725903
0.8557952742043564
0.9804205915007919
0.9476271401676444
0.8533385398590116
0.8509247080863912
0.9951205950981117
0.989279568508005
0.9810380402303505
0.9762240513988083
0.9767197548069976
0.9768140201782564
0.980739045571658
0.9820881478069807
0.9987782854368199
0.9811999045192598
0.9958341672118272
0.9940809105905805
0.9872063897522929
0.8309192416746628
0.8412042739252589
0.9858425901226603
0.975100747406836
0.8317751258408878
0.8278526749614071
0.9649981051614486
0.993673406974365
0.823370410902117
0.976543101824316
0.9699442507304257
0.980277980706355
0.8080583421951395
0.9772760592061008
0.8151992769694687
0.8043795833594395
0.8035668928236509
0.9735947464333216
0.9651259043782239
0.9639287310093549
0.9893265373512975
0.9765861712995648
0.783363904558084
0.9702971864852303
0.9674457547916842
0.8075593949456166
0.9623275923735034
0.9750077351091901
0.9867899636811388
0.9404525233200569
0.9682929711582242
0.9682929711582242
0.791794145335337
0.9568931834586221
0.9587330711171947
0.9526501569552079
0.7610711176991902
0.9496842194544326
0.9305992926928272
0.9187997927453478
0.9248406913788872
0.7342707579201666
0.7322326990835593
0.7690820027757884
0.7324240073625715
0.7248214316001493
0.9527949832130761
0.929630297580789
0.7233622693247987
0.9415237667209938
0.7113031012814802
0.7091411587433466
0.710763330226742
0.7424007729993181
0.6895642573278933
0.6807178506242998
0.6722136244799488
0.6808264577683556
0.9150416506853362
0.7162733759259767
0.9872383013928283
0.6621021212688724
0.6549105895098926
0.6516199107294465
0.650599680559764
0.6473904103562792
0.6420609757037509
0.8169558114446182
0.6367996987117084
0.6314041585066623
0.6242877077801936
0.6250073953802993
0.6173282932795333
0.6182517983527338
0.6171626594683038
0.6114806196336374
0.8135759323694614
0.8987212393972929
0.6120514198789203
0.6006592264322541
0.599995988147313
0.5962215832559755
0.5836438465832626
0.5539332826927348
0.7783318837609354
0.49852094334297353
0.49852094334297353
0.49852094334297353
0.49852094334297353
0.49852094334297353
0.49852094334297353
0.49852094334297353
0.49852094334297353
0.49852094334297353
0.49852094334297353
0.49852094334297353
0.49852094334297353
0.49852094334297353
0.49852094334297353
0.49852094334297353
0.49852094334297353
0.49852094334297353
0.49852094334297353
0.49852094334297353
0.49852094334297353
0.49852094334297353
0.49852094334297353
0.49852094334297353
0.49852094334297353
0.49852094334297353
0.49852094334297353
0.49852094334297353
0.49852094334297353
0.49852094334297353
0.49852094334297353
0.49852094334297353
0.49852094334297353
0.49852094334297353
0.9997729842453581
0.9890045456979767
0.9964481387347932
0.9982806629027324
0.9227500798036025
0.9990984958144884
0.9981095704315004
0.9993523717335983
0.9256536029827073
0.9995776261846626
0.9988182117957629
0.99885794302213
0.9989473562969955
0.9080046638987644
0.9874969928112631
0.9692935071130672
0.8955980206138888
0.9976153880833601
0.8110350498668314
0.8025383769114953
0.9451207492265803
0.966590401074227
0.9431136416514713
0.9596645611365368
0.9666996892931362
0.7935884780828398
0.7884008303866372
0.812560287928824
0.953109829546013
0.8004876308908088
0.9614317654094651
0.9553773950441314
0.940842188793563
0.9416815618920384
0.7766007455294396
0.9357805713802843
0.9578817759079222
0.953289716313012
0.957640860381268
0.9262920932547942
0.761697673609421
0.9382900586961799
0.9796615877438514
0.7557573298853031
0.9719429141496956
0.9486261818425571
0.9286522464518039
0.9573403867888799
0.9573403867888799
0.9573403867888799
0.749456262958114
0.9440636252986312
0.9094894870224232
0.9421672595530435
0.9319819936336584
0.9245445571068903
0.7464377984665028
0.7653890504199049
0.9350957525419382
0.7332993963481562
0.9060300516001312
0.9404269438048074
0.7538025310194014
0.7237787054528472
0.712527879859167
0.9346616768745675
0.7003674702425582
0.7144700936340197
0.6975755884563599
0.6991500050034034
0.7352992811110586
0.6790285747689163
0.9186742696377468
0.6837020939227744
0.6909057248512883
0.9339710333110844
0.6838501819096696
0.6704147207388178
0.6697867948037106
0.6983051081420185
0.6764167377989919
0.6948710464322942
0.6598423159967289
0.6483176004953857
0.6335391569040333
0.6347728618967757
0.633144922819305
0.620587585674948
0.620501368320446
0.6191861388351498
0.6359838871871789
0.6397047471193997
0.6149255637505292
0.6349525837023899
0.5978383657573695
0.8959050011928474
0.5830973764403778
0.577662548726874
0.5617540574087263
0.5500736429902183
0.5290122373306423
0.49852094334297353
0.49852094334297353
0.49852094334297353
0.49852094334297353
0.49852094334297353
0.49852094334297353
0.49852094334297353
0.49852094334297353
0.49852094334297353
0.49852094334297353
0.49852094334297353
0.49852094334297353
0.49852094334297353
0.49852094334297353
0.49852094334297353
0.49852094334297353
0.49852094334297353
0.49852094334297353
0.49852094334297353
0.49852094334297353
0.49852094334297353
0.49852094334297353
0.49852094334297353
0.49852094334297353
0.49852094334297353
0.49852094334297353
0.49852094334297353
0.49852094334297353
0.9996500603526325
0.9981700041291207
0.9983240757523902
0.9837835851481042
0.9971332902317015
0.9987492832890191
0.9983834540874404
0.9995979343854794
0.9995979343854794
0.9995979343854794
0.9995979343854794
0.9993075982990762
0.9993075982990762
0.9768039029553454
0.998962744348679
0.998962744348679
0.998962744348679
0.998962744348679
0.9989812656241991
0.9869348325494914
0.9963447222324631
0.9975269877146096
0.9973665671581005
0.9977074398839465
0.9977074398839465
0.9977074398839465
0.9972387365914934
0.9972387365914934
0.9980482565944123
0.9969078017253057
0.9974281547400147
0.9948716995244818
0.9962519757780272
0.9962519757780272
0.9729307178545826
0.9957781339099602
0.9758948702220652
0.9749476214617536
0.9984323061936079
0.9973915076635923
0.9941466980885872
0.9967499636845714
0.9683578885115227
0.9681400202151107
0.996004313777402
0.9952632071805284
0.9982929010097092
0.9971087151693451
0.9959696227314089
0.9961586782208846
0.993828976156615
0.9980836842943255
0.9966586284901586
0.9980866688528578
0.9958513550453584
0.960070908418765
0.9962207626950036
0.9628200774297015
0.9939922161936551
0.9968552033702687
0.9957351719718011
0.8689608972108989
0.9977283405566774
0.9965060541770702
0.9740437439185411
0.9749638135287677
0.998497039601432
0.9950589051504972
0.9939512089681654
0.8580792146000905
0.9727425382396454
0.9943481052651246
0.9982213154819765
0.9935337717778686
0.9968865584241994
0.9887487438565127
0.9974541696034926
0.9900905062599243
0.9969465563345487
0.9743210480153014
0.9968376177876986
0.9937828083562998
0.9973278484305503
0.9450692749362959
0.9545495018982793
0.9920636300151217
0.9859119133342122
0.9945292552007227
0.9957104199298539
0.9543419025154849
0.9335333479625936
0.9949995617654546
0.9498411342149363
0.9901580385631858
0.8337064891213288
0.9964366533769539
0.9945196925829152
0.8154944365715394
0.8379743898680977
0.9679956996916158
0.9838168774437488
0.7955662336687479
0.9923222621781733
0.947602399914597
0.9945673633577452
0.7903754903582653
0.790661872202979
0.9924533643722754
0.9598236527638963
0.9381398260137067
0.9680677433066999
0.9417498972625155
0.9535504500628693
0.9140522411894327
0.9403101206001931
0.7433774563775297
0.9326514052568746
0.9378504257079348
0.9163602466494409
0.9572577234053375
0.9246298350461346
0.9479766936394949
0.9479766936394949
0.9393235552799803
0.9236185563121537
0.9236185563121537
0.7183519387789601
0.9096272895272013
0.9096272895272013
0.9214830061250301
0.9044278001428557
0.9932056649323857
0.9134964567550571
0.8892683422460623
0.9362839291101063
0.8863148375805782
0.9054629946442784
0.8745936420954384
0.9373336042817878
0.8752183556015218
0.7739788592932667
0.9927750585038932
0.866241534623267
0.8816319400791229
0.8852636946039404
0.8754509695561314
0.9051978951635452
0.8906300846831553
0.9111181511987153
0.884390399901977
0.8960308545786644
0.9177204712761808
0.8849857927251684
0.9179192640396995
0.9069779838999714
0.7046776680771185
0.9243976570662775
0.6680738373012366
0.7169366214407125
0.6631961979800736
0.9084114319435145
0.9058579019104673
0.6533019820794431
0.8567492596662198
0.6387411816345573
0.8554730997467288
0.6493085581305642
0.6295483784523027
0.6205408959337504
0.6396693506775463
0.8286422909437658
0.8536985253420001
0.5918483350220392
0.5974940781702046
0.6012767635839157
0.5910718453502845
0.5813094299519339
0.584212451592367
0.5805913617909213
0.5672609333276663
0.5658882167407497
0.56862383319806
0.5514568592936133
0.5462185453700905
0.5322696899282651
0.49852094334297353
0.49852094334297353
0.49852094334297353
0.49852094334297353
0.49852094334297353
0.49852094334297353
0.49852094334297353
0.49852094334297353
0.49852094334297353
0.49852094334297353
0.49852094334297353
0.49852094334297353
0.49852094334297353
0.49852094334297353
0.49852094334297353
0.49852094334297353
0.49852094334297353
0.49852094334297353
0.49852094334297353
0.49852094334297353
0.49852094334297353
0.49852094334297353
0.49852094334297353
0.49852094334297353
0.49852094334297353
0.49852094334297353
0.49852094334297353
0.49852094334297353
0.49852094334297353
0.49852094334297353
0.49852094334297353
0.49852094334297353
0.49852094334297353
0.49852094334297353
0.49852094334297353
0.49852094334297353
0.49852094334297353
0.49852094334297353
0.49852094334297353
0.49852094334297353
0.49852094334297353
0.49852094334297353
0.49852094334297353
0.49852094334297353
0.49852094334297353
0.49852094334297353
0.49852094334297353
0.49852094334297353
0.49852094334297353
0.49852094334297353
0.49852094334297353
0.49852094334297353
0.49852094334297353
0.49852094334297353
0.49852094334297353
0.49852094334297353
0.9984285836946273
0.994918989025208
0.9365723869621887
0.999465532370878
0.9981521639094122
0.9987040582356319
0.9988945618852167
0.9939104062059637
0.9133685180832101
0.9988005465878945
0.9956473198440496
0.998507594913344
0.9982647141939857
0.9983534944959842
0.9988333417873095
0.9984140402080199
0.9980136148139976
0.9996188807144532
0.9957684164876286
0.9978482939756916
0.9993407476502558
0.9874273055218263
0.9938318237709397
0.9986016891968337
0.9990110815423201
0.9990110815423201
0.9990110815423201
0.9990110815423201
0.9990110815423201
0.9990110815423201
0.9990110815423201
0.9990110815423201
0.9986423827996622
0.9986423827996622
0.9986423827996622
0.9970512582233834
0.9982440386215523
0.9982440386215523
0.9982269468576378
0.9980477800487929
0.9978230500184856
0.9978230500184856
0.9978230500184856
0.9978230500184856
0.9978230500184856
0.9614370437952973
0.9984386089867381
0.9934549569866193
0.9961959204608191
0.9973846399914852
0.9973846399914852
0.9973846399914852
0.9973846399914852
0.9973645602779275
0.9969327600446956
0.9960795128135778
0.9973861805517681
0.9964704216599999
0.9964704216599999
0.9964704216599999
0.959472008638834
0.9976973436293385
0.99829190649202
0.9964607452885855
0.994859184970252
0.9967575353822812
0.9943419517339787
0.9963455535236769
0.9932773137365372
0.9974039046912345
0.9983792086220532
0.9831445064741331
0.9982550846264147
0.9659338896721248
0.9966910790610951
0.9807242459275365
0.9943875499327374
0.9569907612805689
0.9935773361977488
0.9950166159608819
0.9968734038672006
0.9973149225077563
0.9968888546233746
0.9843906708917619
0.9973627819985361
0.996816687076433
0.9934522274960207
0.997510848456948
0.9985417860186729
0.9945623035441
0.8805871920418678
0.9938156137741556
0.9993175880656235
0.9962817905322208
0.8773152726347135
0.9929715370044983
0.9976931791961087
0.9979012410766422
0.9936358072241188
0.9964783149709497
0.8645235097047054
0.9922723669977737
0.997161786808745
0.9935316821286069
0.947442345551
0.996792704139743
0.9962126944538415
0.9937918242945525
0.9380681304017164
0.9969520702398731
0.8583537829452537
0.8577766943504986
0.9963265452448766
0.9966705834426025
0.9967837015713362
0.9269182282711604
0.997826484686277
0.997826484686277
0.9908234519950503
0.8547938375074415
0.995255827821916
0.992646611099892
0.9958624040697022
0.9893405904945005
0.9925583428919602
0.9970013090512425
0.9897605578058726
0.8489789798366894
0.9912155779674166
0.9952805881937875
0.9727034363178335
0.9939918697115874
0.9404874692074343
0.9796882269593045
0.995964763959709
0.9926877874695186
0.9926877874695186
0.9926877874695186
0.9913811708796393
0.9913811708796393
0.9913811708796393
0.9886459522461359
0.9986029643137745
0.8384039434810049
0.8392948379346891
0.99007983382307
0.99007983382307
0.9942116356596817
0.9944041034828995
0.9933293766450485
0.9887885300868903
0.9955910966275603
0.9349203137764212
0.8398451381656321
0.9869392445268372
0.9458335825075211
0.994085488294065
0.9892560350255336
0.9928196304994481
0.9957957840184067
0.9957957840184067
0.993661159220687
0.9948189488793165
0.9892452167575018
0.9942989495393756
0.9942989495393756
0.9187316530155484
0.9927659041499965
0.9971264043971718
0.9975430692003876
0.9912213748452943
0.9940150874330308
0.9896799382405416
0.9171014019386121
0.8203855459179907
0.814745049601212
0.9983497861073426
0.9155774565910594
0.9866370790299879
0.9947657823850218
0.9906374352077509
0.9032419199806877
0.9768699099691742
0.9733456716976848
0.9935391960155245
0.9136559570701762
0.9915716455664644
0.9899394467404817
0.9926176568418567
0.8129080448359823
0.9110181552713937
0.9315388924440913
0.9826291026763591
0.9900647105725012
0.8133721314564646
0.9959669743493921
0.9946461822560942
0.9939273850366409
0.8189995656699528
0.7979228494948132
0.7966269629791322
0.9917705596789776
0.7992461210923505
0.9484099060838302
0.9025945871512643
0.7975280897424495
0.9894956316194334
0.7914148314702324
0.9962828398124906
0.7788164754969841
0.7814057610379527
0.9605544321635886
0.7783579464257869
0.9768288409682514
0.7879841544086568
0.7810089177095372
0.7733153099717226
0.9154116052339795
0.9706644726509976
0.8813382352075562
0.7620402975888194
0.7608192279784229
0.954435718963125
0.7636646452603684
0.7607227785097013
0.7611136870813631
0.7632633750829747
0.7536510002432967
0.9528677636852514
0.7480371613906682
0.9764816627994239
0.9770442321768666
0.9233805447564062
0.7403025070277456
0.8549108865558518
0.7400045621410557
0.7343860021218078
0.7318396013500974
0.7326255952284082
0.710511620847296
0.8270593847559893
0.8191284804712227
0.8904190747010363
0.8381552439283664
0.8327357512926091
0.6576358661509951
0.6360397052170654
0.8074738343617466
0.8764995893297243
0.7746863365494789
0.7583401849990602
0.8896900459625678
0.8674107856740884
0.8674107856740884
0.8674107856740884
0.8674107856740884
0.8498312095479229
0.8498312095479229
0.8498312095479229
0.8498312095479229
0.6127836420619595
0.8353495210317118
0.8353495210317118
0.8353495210317118
0.8230373639205246
0.8123193383423511
0.8123193383423511
0.7942691587675904
0.7942691587675904
0.779343779587953
0.7907109019890328
0.599662125669114
0.7721358577176354
0.7660834313944201
0.5753284652436503
0.5442939115477569
0.526201099585172
0.49852094334297353
0.49852094334297353
0.49852094334297353
0.49852094334297353
0.49852094334297353
0.49852094334297353
0.49852094334297353
0.49852094334297353
0.49852094334297353
0.49852094334297353
0.49852094334297353
0.9972199521179281
0.9995420562729167
0.9975675448939741
0.9173745627060744
0.986413460524093
0.9967680855651865
0.9975220599376846
0.998817048925041
0.9909938120280744
0.9985851092904374
0.9883981489390558
0.999330355703971
0.999330355703971
0.9993083999294524
0.999056803078981
0.999056803078981
0.9192054137174744
0.8850392839410637
0.9981310397576317
0.9981310397576317
0.883867558643645
0.9049548749463502
0.8817737843378998
0.8760166711103297
0.8638525238791894
0.9920351075726102
0.9863823399609335
0.8432726608721945
0.8428818528966111
0.7867289872099085
0.9876705729867382
0.77649410660549
0.7755946561959851
0.8383684557434524
0.7696614667269576
0.9842123423806269
0.9776687979411789
0.9861455530412438
0.9713847932464721
0.9599911449155153
0.7591896962484674
0.7691926472644384
0.9964075217859141
0.9640264678624116
0.993342144333839
0.8317688087763371
0.7408229730632732
0.7650624010292054
0.9898527497194145
0.9693492795197323
0.9883777503027196
0.9849690330348861
0.8291136296803058
0.9783685054740175
0.7596171330558785
0.9761312977446127
0.9574529344201989
0.9589277886234341
0.7211077514643917
0.9649276568220113
0.9567319695067048
0.7148120257335974
0.72065771610423
0.71385753575785
0.7088107511581005
0.9788417761085518
0.7077965743815003
0.7133341106243578
0.7021247153626788
0.9622661020762646
0.704223920519371
0.7005573224052212
0.9759825854586044
0.9604422624358019
0.956330933453682
0.6891252989967728
0.9898623352545146
0.9590701572180464
0.9588482778946661
0.6759078691845546
0.6749637284705844
0.965464358769808
0.7295799095809881
0.9551018331054949
0.661750013301866
0.9540930782029944
0.6591034106645677
0.6585910583618693
0.6544455804638335
0.654786406329053
0.6539446025977318
0.6528386659162986
0.6522123326034572
0.651675705777794
0.6502233108886186
0.6395871949549691
0.6397228236860564
0.6342714774613317
0.6345762010622474
0.9327591459845153
0.6316628071267192
0.6295410061024231
0.6323897225009883
0.9620785865694669
0.6130779007542991
0.6207037050751988
0.6124562917523071
0.6110713300504735
0.6169183402487701
0.6099041364400841
0.61124745691595
0.6080713388697994
0.6024496678874756
0.6032080914537675
0.6007602952033584
0.5982404398058834
0.5946294030991047
0.5943592762247151
0.5845992491583161
0.5823643447619498
0.5781573712439355
0.5769673107183622
0.5773385092454831
0.571824061973336
0.9302032523629257
0.8916902404473568
0.49852094334297353
0.49852094334297353
0.49852094334297353
0.49852094334297353
0.49852094334297353
0.49852094334297353
0.49852094334297353
0.49852094334297353
0.49852094334297353
0.49852094334297353
0.49852094334297353
0.49852094334297353
0.49852094334297353
0.49852094334297353
0.49852094334297353
0.49852094334297353
0.49852094334297353
0.49852094334297353
0.49852094334297353
0.49852094334297353
0.49852094334297353
0.49852094334297353
0.49852094334297353
0.49852094334297353
0.49852094334297353
0.49852094334297353
0.49852094334297353
0.49852094334297353
0.49852094334297353
0.49852094334297353
0.49852094334297353
0.49852094334297353
0.49852094334297353
0.49852094334297353
0.49852094334297353
0.49852094334297353
0.49852094334297353
0.49852094334297353
0.49852094334297353
0.49852094334297353
0.49852094334297353
0.49852094334297353
0.49852094334297353
0.49852094334297353
0.49852094334297353
0.49852094334297353
0.9997924956672032
0.9984855966414549
0.9964204340554647
0.9958761103770069
0.9977804943639531
0.9982950972276926
0.9958890927559042
0.8661701067969322
0.9869549869661468
0.9710382974256615
0.9811824373721292
0.9881804264631949
0.9887252424791668
0.9724963410879701
0.9870726394969611
0.9817230348668047
0.993651224198624
0.991549903772742
0.991549903772742
0.9837364476532872
0.9848132138330955
0.9932947756104497
0.9819123284207153
0.8879693071958789
0.9877675992435848
0.9609043986939712
0.9045658172000292
0.921651313521851
0.9747081311701435
0.9779666009164003
0.9676484631489628
0.9599685204512446
0.8043635584449658
0.897670256031092
0.964400819320758
0.957748198861331
0.9732500548804714
0.9716719048783531
0.9899733417965573
0.973849921752833
0.9813029731371392
0.9813029731371392
0.9182601752285743
0.9770756082226953
0.9770756082226953
0.7737193953953754
0.8789108818029566
0.8106904115168966
0.9512210412463459
0.9243229202810687
0.9652746716254987
0.773907075461703
0.8936631477903074
0.9530843349806228
0.9581548896661033
0.9644679767996239
0.887862179238712
0.7459899198738398
0.7761578943740082
0.9547167879200805
0.9707860248876441
0.9003223886575479
0.9251284129924665
0.9635597809720422
0.7391330616930499
0.9447718598240401
0.9297134477167708
0.8420480771473424
0.8883366178425905
0.9015034832904195
0.8690298202207902
0.8633409514617002
0.8939515434724383
0.9402345620776403
0.8657948245338906
0.9008693382599948
0.7357411855772438
0.8567146593897657
0.8613293865355431
0.8691619462186756
0.9359985782655783
0.9248569045151749
0.8516582224307513
0.9013387921839123
0.696716261541291
0.8908537165617142
0.8958692127746839
0.8492825585668036
0.9048944802263593
0.869661597190579
0.6929615066126861
0.8547395979184664
0.925413891374307
0.8539331809029008
0.6962632097505562
0.9189482263622482
0.6934023506837406
0.7735576716924359
0.9536170611736723
0.8743742017821267
0.6851740551153597
0.66065821197952
0.6768256524151964
0.8451968612351292
0.656704174509111
0.8136018856921097
0.8289228783366959
0.8424584158578428
0.6244140565776048
0.8937406309198779
0.80528324668212
0.8685847405584743
0.8115051428862272
0.619365666175631
0.5973072749124569
0.6240226030080411
0.6160152813295964
0.8146712551607831
0.7774138011896573
0.8250587879010789
0.5927241890686159
0.8016363688616459
0.7872017712618676
0.5888248071446753
0.7036325480922074
0.6918940777172592
0.6740681515483169
0.49852094334297353
0.49852094334297353
0.49852094334297353
0.9988304220972876
0.9998178057094054
0.9992823582019629
0.9847769415186161
0.9875302162539985
0.9955827359765238
0.9983249025010679
0.9976111602397981
0.9959187684233018
0.9973109314159756
0.9949685602990139
0.9944364666692885
0.8970454628186733
0.9559593454006999
0.9912754503532764
0.9711814915841472
0.9737645729687018
0.876227463497547
0.9841900160276712
0.9921706562759096
0.9931616008686995
0.8700060570189759
0.9758599615595178
0.9630263448558991
0.9965089481610926
0.9559823502625576
0.9977954177936089
0.967364265531444
0.9494779272686228
0.9940955558343262
0.9945974162702859
0.85524317765225
0.8758692151622942
0.8536003950436365
0.942240457675086
0.8478658472849744
0.9642585737134116
0.8512577176597523
0.9954289565019961
0.9855959752482252
0.8372023460742662
0.8484247273558877
0.9726161179216081
0.9934762263468888
0.9690433421741623
0.9515741490417403
0.9879748508845304
0.9447192290107713
0.9725591161945477
0.9813889066605795
0.991539138556528
0.8347600049477751
0.9605053896756823
0.8240413448852376
0.9882968315249901
0.8152919037016282
0.9844542180729716
0.9658557925263288
0.9454118226252638
0.9135840165056703
0.9658750254161178
0.9646398390035211
0.8050852855502991
0.9648541227465314
0.8219727200213497
0.8068578156390777
0.8067979504926484
0.9181005037979727
0.9483208200483422
0.990915129384584
0.7939169981801683
0.953511136422342
0.7883016631627698
0.815019426947223
0.8079113506821718
0.7782894453269322
0.7779859304210226
0.8816517622048927
0.7920435194275336
0.7808926629084694
0.9647982498711628
0.7722080960842461
0.9447572734880576
0.7562294977008748
0.7535479455054893
0.7498161468422302
0.975563785577746
0.7565196509308374
0.778081345065152
0.7763470344590886
0.9352899916009226
0.7680697065155113
0.748432079310957
0.7496935312107683
0.9297896910935247
0.7269592595503208
0.9757628808450513
0.9231816438973506
0.959389760461421
0.7438794288594384
0.7146173259439267
0.9445084757194573
0.7259647533448158
0.8986465949690585
0.9565850243303251
0.9236535578947331
0.7296685755828656
0.723581999621897
0.7096621097253347
0.7080955027364192
0.6942430637463282
0.7033797273913788
0.9053651845531948
0.6988984569484081
0.6801903704744885
0.6785218490439631
0.8789326038523935
0.9032371181831876
0.8628609384208578
0.8882236660770476
0.6603838502444277
0.8512794074133497
0.6604884305764326
0.8769127161872885
0.8529096224177221
0.667690158973981
0.6746712975695772
0.6496314231635065
0.6615136498193294
0.8363024596350618
0.8587146489148935
0.6376009261379165
0.6345776977894503
0.6321458457942626
0.6103486194988528
0.6633246974760403
0.6209308864943955
0.613305286904133
0.6230293672985152
0.6243188812384178
0.6051277826466471
0.7816096869900712
0.5885438991148708
0.587797535820716
0.5818104226382075
0.572097237875325
0.5634810475688748
0.5696525179931533
0.5579319905574013
0.76495767175137
0.49852094334297353
0.49852094334297353
0.49852094334297353
0.49852094334297353
0.49852094334297353
0.49852094334297353
0.49852094334297353
0.49852094334297353
0.49852094334297353
0.49852094334297353
0.49852094334297353
0.49852094334297353
0.49852094334297353
0.49852094334297353
0.49852094334297353
0.9983966004056795
0.9997126368905479
0.9949646828502198
0.9944987433986829
0.9996135985709802
0.9979639434148476
0.9961359585105195
0.9848107135287075
0.9954814594446806
0.9989567231966253
0.9915989016215043
0.9752497907972835
0.9705878136371492
0.9981961689925986
0.9665118652291378
0.9962995572434207
0.9790238465073019
0.9941996845980144
0.995447112732497
0.9984320418074782
0.9913779754750945
0.9748227984519748
0.9953989389975577
0.9824220259917036
0.9919505186861465
0.966527741199492
0.9951014412639464
0.9965532417151534
0.9923124886268588
0.9669287215447627
0.950673186817222
0.9604142585503681
0.9677718494909991
0.9788912290230163
0.9604144321511655
0.9795753126527201
0.8644968428148706
0.9987116242025212
0.9978164377022504
0.9978164377022504
0.9978164377022504
0.9978164377022504
0.9978164377022504
0.9679694378816119
0.9558035211679539
0.9664036350883249
0.9920257625405353
0.9899251791285683
0.9455465673994854
0.9478010783875429
0.9956345282510861
0.9718153325349319
0.9753969391078811
0.9739038132089732
0.9757973788817341
0.9608444841134484
0.9598966782960264
0.9529056515555158
0.9575123153353046
0.8357060774012409
0.9629516150101383
0.9568777114079088
0.9966714800052352
0.9647492934767921
0.966769348433037
0.9703942826569186
0.9943837205743251
0.9382225687467973
0.9576224558329819
0.9372456185434314
0.9416153811952545
0.9964995736753235
0.9451368144650636
0.9438953742328254
0.9476556355619316
0.9380181638876937
0.9877181136977852
0.9674462420664408
0.9578072763274446
0.9560469227537154
0.9874032092431211
0.9514130157109103
0.9569632328333766
0.9478471526305761
0.9555271410425729
0.9793464963675197
0.9183257320740056
0.9606906376746729
0.9688493696030784
0.9468433561050947
0.9556724725612303
0.9306001207143995
0.9118520873585072
0.9514627546306172
0.9640574847281186
0.9520867436590235
0.9521921046111409
0.9305407310284917
0.8078652629723737
0.9312830698099722
0.9549677135358169
0.9394444344505567
0.9232869060740764
0.939671484421535
0.7787856585286782
0.9914497731536684
0.7817116664465124
0.9188814957647169
0.9201749956435816
0.9203769507425718
0.9395432454998328
0.9342489816831957
0.9521873036783345
0.7868800117569138
0.9870659858086456
0.9408064811538677
0.9492328450847327
0.766568135042731
0.9152302051260164
0.9057217771593394
0.9256655100358213
0.9245879751175321
0.9477734910342096
0.9073156596539663
0.902288082887536
0.7462343987996208
0.7616346474604346
0.9053256342026523
0.9304224103430845
0.736674678129687
0.9847681617432689
0.742277635239062
0.9681567941182746
0.7255220330238712
0.9359783194338391
0.72215534374249
0.9039493092179592
0.9112367104122941
0.9217517421136445
0.87306019407232
0.9109715574943185
0.9211121545634265
0.9226625920432419
0.8921001665261292
0.7144688562484817
0.7085744947308323
0.8985345932706549
0.8939465927156657
0.8471227385341488
0.9091401328863141
0.8698139872688598
0.7020156821715285
0.9326442410204558
0.9575864935199597
0.8934509272158994
0.8585454875954988
0.9450525624622984
0.8948901893080179
0.933520534659861
0.933520534659861
0.933520534659861
0.933520534659861
0.933520534659861
0.8825930495038855
0.922891357647013
0.922891357647013
0.922891357647013
0.922891357647013
0.9061318646757436
0.8947615652094268
0.69490201890066
0.9130469674610968
0.9101688016504008
0.9130469674610968
0.8862838787179516
0.8903491208051287
0.9011050788637465
0.9038781634108067
0.9180325565700236
0.8952921699951656
0.8462160577813952
0.7216533110045956
0.909777845839987
0.8862202305454449
0.8985424664669412
0.8851894049557488
0.8763156941690416
0.8861105604795397
0.8927639091975638
0.8884111298668771
0.6757555070248654
0.9553521088041143
0.9175290743237775
0.8613124593313889
0.89300449969061
0.6663408178257956
0.6395313205673755
0.8734490015948717
0.8633683900075746
0.85055409154441
0.9502477278882534
0.8527773889001858
0.8195827584873455
0.5823361754206484
0.5825089844341496
0.5847726648224293
0.7655107879245764
0.5762738238606476
0.5761612193466233
0.575278318862812
0.5777585225648475
0.5631044424771482
0.49852094334297353
0.49852094334297353
0.49852094334297353
0.49852094334297353
0.49852094334297353
0.49852094334297353
0.9930024587523459
0.9988542350458663
0.9889992929680818
0.9994076919262128
0.992504613305091
0.9949327538050591
0.9906640816116016
0.9923076776541632
0.9902554034014626
0.9889717605204977
0.992494352215369
0.9972934704089271
0.9910937342501984
0.9908225396029571
0.9893996144481257
0.9847239661216592
0.9807352893443642
0.9886177648761456
0.9838569354923059
0.9871710892359238
0.9681490365159406
0.9882206642026061
0.9786717979683931
0.884095045718749
0.9953001825827389
0.8742861622454751
0.9849823016025322
0.9934358100204789
0.9915348033460424
0.9915348033460424
0.9915348033460424
0.9743650002058184
0.9802067567355583
0.9896214123530751
0.9874603493933352
0.9877082171066023
0.9873111138620053
0.9853887102276678
0.9858018643546882
0.9770700840468608
0.988181689460343
0.988181689460343
0.9714374712079936
0.9729800991357399
0.9799313863069599
0.9815257499140347
0.9803433859191952
0.9717444077922182
0.9733463262681605
0.9845879983372403
0.8340538573753328
0.9525014525440143
0.9675269730439674
0.9610496236095418
0.9302620984304356
0.9830317973939597
0.9819554615104741
0.9614964306168736
0.8281313063161161
0.8500945556882482
0.9683531477970599
0.9831124476303457
0.9712365917487529
0.975096046600368
0.9771717554722766
0.7969025037412355
0.7900074481983543
0.7888397082931943
0.7999706997298826
0.9789531618624295
0.9674331896893191
0.9928819474091014
0.9499442153056384
0.980320528087427
0.7630741347229074
0.9383437386645138
0.7599610390720617
0.7728384550355717
0.7702339066208478
0.9693087670093308
0.7642729326182361
0.7541326211246973
0.7476329730149565
0.7490738789396881
0.9769173793105544
0.932663284581575
0.735986160950621
0.7343175020504549
0.7195958178785011
0.7272795218966033
0.9766904698664802
0.6969117220372962
0.7122666245144941
0.946078727487783
0.7003243008994946
0.9609368245980829
0.5872438843292376
0.5587318107806447
0.49852094334297353
0.49852094334297353
0.49852094334297353
0.49852094334297353
0.49852094334297353
0.49852094334297353
0.49852094334297353
0.49852094334297353
0.49852094334297353
0.49852094334297353
0.49852094334297353
0.49852094334297353
0.49852094334297353
0.49852094334297353
0.49852094334297353
0.49852094334297353
0.9977931871725537
0.9996139833983255
0.9988108849340883
0.9976093060230661
0.9993466444210601
0.995754683422164
0.9993342394074416
0.9955320738610769
0.9951579734077989
0.9971243267624348
0.9977455212254092
0.9816353044862379
0.8955222142185151
0.9972043069733866
0.9897299566697899
0.9844534429962284
0.9949972959887255
0.9913051424650952
0.9977102958857577
0.9887698446361227
0.9983566558880329
0.9848826366991588
0.9912477993438322
0.97787280783881
0.9954594768839339
0.9782777449205732
0.9946123685180323
0.9950074896588524
0.9776446171885628
0.9765120315601599
0.973419979325315
0.9914654584167975
0.8611244327817321
0.9943015925931292
0.9949162886540507
0.9815261734945281
0.9974539316225036
0.9954952228986498
0.9850757679295709
0.9826271819083123
0.993777051987577
0.9968486845568315
0.9912016802132296
0.9812565018642683
0.971828987094306
0.9744520498577061
0.9747625120889643
0.9891219461265587
0.8785478860605773
0.9768273679028038
0.939885912848482
0.9488120978553499
0.9882758074864831
0.9909665876031405
0.8486522589120677
0.9827242282518643
0.9886499316975975
0.9724761043286264
0.9649613196702657
0.9889889087171587
0.9644082676298187
0.983385543500755
0.9540347490991867
0.9728382503658801
0.9289004954015362
0.984768783377934
0.9710576879035798
0.9649670281963861
0.9641181554895307
0.9847931564860551
0.962280188064874
0.9817173673576437
0.9727581761655116
0.9601595289876631
0.8224274973143514
0.9458873799002895
0.9607572928830718
0.9960845744284399
0.9612025478712021
0.9919258789726689
0.997034945350864
0.9896276417987326
0.9764962534284074
0.9422073624487431
0.9701112084211512
0.98812625389618
0.8192595932201636
0.9355486312395472
0.9904984680719666
0.9214266741954276
0.9484595816463903
0.9574120200504838
0.9841947701660823
0.9778418781238705
0.9483601681915159
0.976243579785211
0.9135139443035497
0.7883214733763688
0.9845551517260064
0.9513892291309615
0.9743334677935985
0.9629525194078447
0.9357429941138113
0.9559952165494364
0.9966470418773155
0.9390407854325399
0.9889430441256575
0.7576400070161159
0.7660580155469027
0.844118794838063
0.7219915621377567
0.7522135526193643
0.726758612320172
0.9188615412668335
0.7259027497228032
0.9687456393272701
0.9257760718345963
0.9694079001864421
0.9593832157771531
0.9623529165530358
0.70183399011446
0.9324382114383037
0.9140212418416562
0.9224700170908163
0.8436407209473821
0.6689713438710628
0.8591009575029043
0.8229497544517846
0.7529045793066707
0.5763231076393576
0.5727241227094197
0.49852094334297353
0.49852094334297353
0.9998915043982
0.9992477813527786
0.9983310661772344
0.998592615897653
0.9842587684128241
0.9797675149322776
0.9704719380983711
0.9883510302882591
0.9966702473706224
0.974500878731616
0.994516673852373
0.9892865338314888
0.9624119857087959
0.8489481127632338
0.8552729445112518
0.9720669416642875
0.9648226738985113
0.8315914475765571
0.9838039252711741
0.8433700611252689
0.9631714169045538
0.8270616810947468
0.9616543917377416
0.9400280699709759
0.8247285341387389
0.9598423308884114
0.9469376898958116
0.98049403288149
0.9576997033601563
0.9766133559936251
0.7820125116066569
0.7580893496493173
0.7577329582180808
0.7497778011042017
0.7515042518897072
0.7426770383562233
0.9472042146676799
0.9520845408977316
0.9417057844465775
0.777016490916918
0.9264791363891387
0.929284931857204
0.7532504035187855
0.9518032825835396
0.9286392223795463
0.938102760942084
0.8836739777137315
0.9283183809913941
0.8882320544668661
0.903500549222323
0.9498752147847357
0.9498752147847357
0.921797582456234
0.8708372811980714
0.6643405951130883
0.9464969328815749
0.6727950206471082
0.6637107325085679
0.8935755440767622
0.6546997033212382
0.628006200773256
0.6322624376766458
0.8659624205577116
0.6232335731128393
0.6260483299978044
0.6224731734575726
0.6396457776932093
0.6099984997828211
0.6189448352813576
0.6126720666423462
0.5743794130819636
0.49852094334297353
0.49852094334297353
0.49852094334297353
0.9997500919442243
0.9986913879694839
0.9963011338524173
0.9940693495089686
0.975301827077347
0.9982149134078759
0.997525250303006
0.9911009739729802
0.9914156757607369
0.8997036897152557
0.9824224599756731
0.9730508078321907
0.982639039636714
0.9922107776350126
0.9851296524807577
0.976116393850598
0.9881641642403244
0.9946965659177521
0.8651812265713885
0.9932429224412687
0.9832903537835688
0.9902129052859053
0.9872357970885374
0.8608071665841766
0.9846390329638268
0.9847335649920993
0.9836066238050969
0.9859554502159505
0.9745311504069208
0.9809513461862123
0.9905573017306493
0.9799293216680479
0.9960260375632329
0.9960260375632329
0.9960260375632329
0.8737387828287415
0.9925007173429995
0.9925007173429995
0.972647667704369
0.9841765630793362
0.9845917143252747
0.9820256098928354
0.9890271936862343
0.9890271936862343
0.9884090801778688
0.9890271936862343
0.9890271936862343
0.9890271936862343
0.9767584795968443
0.9781349308625051
0.9857182325921066
0.9857182325921066
0.9831885513442752
0.9825877151332607
0.9825877151332607
0.9825877151332607
0.9825877151332607
0.9825877151332607
0.9825877151332607
0.9825877151332607
0.9674207794681283
0.9782991792664033
0.9740070358410035
0.9830170084300527
0.9790223882865587
0.979623763947511
0.976808980524289
0.976808980524289
0.9814795058791917
0.979283360699638
0.8210025454996717
0.9715592643726131
0.9737747903071479
0.9697027814220414
0.9758649622050254
0.9690955585103728
0.9685407795840212
0.9815698123661308
0.9777907773550989
0.9713496205590599
0.9651093555629692
0.8085266613518439
0.8058862207741327
0.9770109682486583
0.9675269660564119
0.7957050209884934
0.9762622305096087
0.9706728565290333
0.9709117559572342
0.9700380448513104
0.936009231171718
0.8008869946608091
0.7903495906781213
0.967794432939741
0.7904749851343575
0.9632974555665968
0.805015213255156
0.8150687324680683
0.9621768381219465
0.95928719695225
0.7762288279328341
0.9632277337868613
0.9628202021873451
0.7712951345819044
0.782057863238023
0.956158873636345
0.7977707718448053
0.9458371968657394
0.9739054582233133
0.9572609007747674
0.9538471419964802
0.9550171987069559
0.7684040590542547
0.8991097922801216
0.9617686404738288
0.7608059572851293
0.7955475175200653
0.7584426306543511
0.9700711640259215
0.7925493381793514
0.7483717484960056
0.9558621754666868
0.7438555703539751
0.9453603333569263
0.9436929306678777
0.7237419188836673
0.7198153028066766
0.7132946382186929
0.7173579816267812
0.7073549779974763
0.702093220663927
0.6196349628344359
0.5888181489965073
0.6081561638517142
0.5549062289774439
0.5598415992600706
0.49852094334297353
0.49852094334297353
0.49852094334297353
0.49852094334297353
0.49852094334297353
0.49852094334297353
0.49852094334297353
0.49852094334297353
0.49852094334297353
0.49852094334297353
0.49852094334297353
0.49852094334297353
0.49852094334297353
0.49852094334297353
0.49852094334297353
0.49852094334297353
0.49852094334297353
0.49852094334297353
0.49852094334297353
0.49852094334297353
0.9958366724425263
0.9986867081986297
0.9990122200583339
0.9899371217707155
0.976936018208549
0.9995971208503003
0.9742582991701831
0.9990319385516648
0.9991617835892569
0.9755030808809361
0.9958934427985743
0.9798285272411906
0.9973539775878199
0.9336822917117892
0.9989995834414572
0.9903931629229854
0.919566584571445
0.9167789684378079
0.9609668311396962
0.9837657557011865
0.9746313586883002
0.9971909271473088
0.9977168845539536
0.9972421784072454
0.9446937841648182
0.9972264504562888
0.9953850265762015
0.997258927581422
0.9907405385821565
0.9949462382043499
0.9978701652805031
0.9954896687816573
0.9954896687816573
0.8797732543296972
0.9982028089960766
0.8907231140606482
0.8907231140606482
0.9955887442501392
0.9980458526483021
0.9969606615419322
0.9438253381096865
0.9963190398946398
0.9966113648947986
0.9927963169182752
0.877909122915326
0.9706554196628926
0.9973247214254003
0.9944768567804707
0.9940955846123605
0.9968910621599462
0.974960155913984
0.9970431125054116
0.9514259000102562
0.9943130144572713
0.9939749840710606
0.9885218629575475
0.8530586305338643
0.9257917293897073
0.991145717059919
0.9771743820399039
0.9928358600414132
0.9609249208573526
0.8614121148109903
0.9638062167159389
0.8476045396487022
0.9917539439388161
0.9916549557093133
0.9722681015080349
0.9898979271837721
0.9900992322590517
0.9669889085959719
0.9726567854541344
0.9935192084180506
0.9900632919175973
0.9297337100141572
0.8311584192705496
0.9275986293254085
0.9873872630080167
0.9572333125267543
0.989112550947934
0.9800617303369232
0.9635747177416674
0.8120907615407186
0.9950444411833186
0.9865938135327015
0.9570556428813798
0.8124931094445754
0.9070613480452131
0.9922898272606603
0.9886411312178867
0.7752963750412929
0.9799171612570325
0.8986821279472674
0.9585402614549976
0.9405693971067232
0.9243268958130694
0.9141610561370832
0.9293556777011438
0.9385017142857285
0.7689024163422423
0.9544631964257311
0.9414074914308763
0.9226635213567264
0.9471700213422811
0.9252744690939843
0.9890842093733867
0.9092946182599482
0.8936983892127655
0.9303128677371577
0.9386436151543991
0.9809573587358938
0.8994510925324342
0.945039421325667
0.9698140921289787
0.9437483894853361
0.9066573565530677
0.9723477095573324
0.9703123051193706
0.8689428980695113
0.8781950472107017
0.928293689910927
0.9559314213602642
0.8916206724882175
0.7348460533713708
0.863517127935518
0.9684371261279109
0.9338104272856584
0.863545512816825
0.9261133192961031
0.8772041377620682
0.9081451771961547
0.9010046575811544
0.9448242476150998
0.9281083425408982
0.9221328711165893
0.8498321957316257
0.9329750062411944
0.8239612653314865
0.9311362156708483
0.9274028768419484
0.9404010011336326
0.9265475893259061
0.9139442342895614
0.9158133829516412
0.893271975554033
0.8700562255216463
0.7189292436792641
0.9377656192946708
0.9326411190427482
0.9262311648151098
0.9297036981010991
0.9058010837023218
0.805926640953497
0.9352335931459169
0.917411967918517
0.9293985577419183
0.6937822361641827
0.9490185902479925
0.8975485327609956
0.9304966492161225
0.9267879988435376
0.9224807163130967
0.8360489985216603
0.8967345450415201
0.9003066098816161
0.8320451800151333
0.9180617550645084
0.8478580823176871
0.9041821078543077
0.8582530462458536
0.9142661152480147
0.883786126630528
0.8112838291420279
0.8103247841087982
0.8342401344414119
0.8246354134973948
0.8755738792998659
0.6480031413030504
0.9231426549333039
0.8767582696297418
0.8888159482464226
0.8313665178209679
0.8222278122957338
0.8633932224217478
0.8365865859423334
0.7729090346136754
0.8331961496265975
0.6690641892775643
0.8488367566444363
0.9311139554686105
0.905821716824528
0.8868299640229029
0.8868299640229029
0.8868299640229029
0.8868299640229029
0.8096975591081617
0.8716856496036541
0.8716856496036541
0.8716856496036541
0.8053152967535444
0.8590875843876116
0.8590875843876116
0.8590875843876116
0.8590875843876116
0.8590875843876116
0.8216109348919741
0.8482837717520185
0.8349452720406633
0.8388065832290358
0.8388065832290358
0.8388065832290358
0.8388065832290358
0.8303475092753648
0.8226927160805508
0.8063617044417457
0.6174516853640009
0.8495331431949544
0.8758121602655192
0.7213644263256601
0.7536691191110216
0.7616124022691664
0.7807235348408096
0.49852094334297353
