solver_type AVLTREE
nr_class 2
nr_feature 46
w
-2710.868766815926 
10541.02259166952 
-26660.97868375328 
-22251.28013621419 
-3456.511759070439 
0 
0 
0 
0 
0 
9135.820097763473 
8529.777236522039 
-24342.84405210749 
-19823.36131878071 
7012.456903720243 
22853.23711529592 
31019.68412642047 
-49975.45590770496 
48475.28840554336 
22738.46864605088 
-58656.93387897859 
-20923.96670213029 
27703.29852600586 
-53644.78331472838 
-18789.0214577653 
13026.88071206423 
18952.99018764818 
25079.46199090551 
-39718.42242307125 
-47908.73397641659 
-43744.82767951516 
-49212.44424903558 
-14286.6409709596 
-6527.325842147332 
-11029.39231034738 
-5854.455256206056 
-60629.76121881486 
-25084.86997829451 
19397.67765385022 
-53322.46918483655 
-65099.59987145267 
-39118.49938402716 
-67301.29777535802 
-58397.57977458051 
16408.10579941509 
0 
