Round	FeatureID	alpha	TrainPerformance
0	38	0.145013223877552	0.43120386329381
1	38	0.134437160240233	0.43120386329381
2	38	0.124765855472152	0.43120386329381
3	38	0.116871646404714	0.43120386329381
4	38	0.110893783068983	0.43120386329381
5	37	0.106005785049728	0.433595930916206
6	38	0.101845726729506	0.433313665115914
7	38	0.0960994544163927	0.434598995647425
8	37	0.093103230368133	0.434993782998837
9	38	0.0895480303214538	0.433572241684722
10	37	0.0861170254606539	0.436486202387338
11	38	0.0832211093327322	0.436825036414505
12	38	0.0804283442408904	0.436847908619382
13	38	0.0774208958215005	0.435319953929468
14	37	0.0755752383859565	0.436637273302197
15	38	0.0735393892199965	0.436884099810235
16	38	0.0706744780167969	0.43691087130173
17	38	0.0683904594013333	0.436741147956837
18	38	0.066049919971256	0.435698742625201
19	37	0.0643483977610284	0.436520344356194
20	38	0.0628746307155908	0.436823502420653
21	38	0.0606415170152774	0.437048062147435
22	38	0.0587349730095792	0.436748373551003
23	38	0.0568577020123296	0.436580645399824
24	38	0.0552781030919732	0.435321052927182
25	38	0.0536910402221062	0.434997556314673
26	37	0.0521846065352296	0.437045155411762
27	38	0.0508473181004207	0.436637199806754
28	38	0.0493283656952525	0.436584638026996
29	38	0.0480965412542881	0.435316791809145
30	37	0.0470145757694217	0.437016864126495
31	38	0.0457169671956711	0.437035793445456
32	38	0.04451804491708	0.436636411784689
33	38	0.0432958386024745	0.436580306060179
34	38	0.041928559873665	0.435550925393589
35	38	0.0409861239358425	0.435318274232722
36	37	0.0402567345578173	0.436748373551003
37	38	0.0390095931439681	0.436644778079692
38	38	0.0378324275061139	0.436580645399824
39	38	0.0371403650166589	0.435722083463469
40	38	0.0359067056665926	0.435321052927182
41	38	0.0351169219977397	0.435065079167207
42	37	0.034661119041787	0.436615267237886
43	38	0.0334591942298921	0.436584638026996
44	38	0.0325816807811001	0.435719269098952
45	38	0.0317978875925226	0.435319957969226
46	38	0.0309489162659537	0.435113335519648
47	38	0.0304360571256009	0.434993782998837
48	38	0.0299328189558148	0.434973852442408
49	37	0.0296581348337934	0.435724039932043
50	38	0.0288987504118217	0.435319957969226
51	38	0.0282901738227126	0.435114795678179
52	38	0.0280160229408815	0.435064704984652
53	38	0.0274763244660775	0.434996394107464
54	38	0.0270427237881112	0.434992409722247
55	28	0.0267158640762274	0.436751890468432
56	38	0.0266438482338351	0.436466034260884
57	38	0.0259723237534868	0.436501530485126
58	38	0.0255754621481365	0.434385776977715
59	28	0.0256999331175351	0.435971346687632
60	38	0.0251687209203467	0.43600437825175
61	38	0.024640198372794	0.435646445065129
62	38	0.0242194733532346	0.43539560088973
63	28	0.02466191730017	0.436747083634485
64	38	0.023896822101169	0.436614962854992
65	1	0.0241469463611861	0.439133466961534
66	38	0.0234616127430507	0.439116795099117
67	1	0.0234105943816201	0.439601083570949
68	38	0.0231780212663973	0.439594466598736
69	1	0.0233990623608677	0.440203587474993
70	38	0.022726370610252	0.440188317855843
71	1	0.0228219139344447	0.441013446967992
72	38	0.0222827350198222	0.440917496190223
73	1	0.0223415927010015	0.441464975081194
74	28	0.0219006713018801	0.443042125878931
75	1	0.0218059683936457	0.443209151281906
76	38	0.0215501490284824	0.443078349826086
77	38	0.0212136844075895	0.443245447801237
78	1	0.0215631246043082	0.443357168938886
79	38	0.0209376318014649	0.443354831392675
80	38	0.0204601120087345	0.443344181613703
81	1	0.0207317331425767	0.444795371145392
82	1	0.0204970082712432	0.446303495824348
83	28	0.0203331797698797	0.446752452665236
84	38	0.019971020329938	0.44674147306424
85	1	0.0198838522199699	0.447860918557046
86	38	0.0199269445998703	0.446767687520427
87	1	0.0197150834580319	0.448409446773371
88	38	0.0196000736755721	0.447351365611648
89	1	0.0191924195078186	0.446998521439541
90	38	0.0189740674072618	0.447541161403123
91	1	0.0187990955664307	0.447619114757938
92	38	0.0187057875720307	0.44744081237125
93	1	0.0187278598707855	0.447225739677408
94	38	0.0186162678456223	0.447443698819068
95	28	0.0183045463680317	0.447626885290306
96	38	0.0184360980649341	0.4475513426904
97	1	0.017959565823887	0.448844186584365
98	38	0.0180586748009496	0.448850743766998
99	1	0.0177822956432079	0.449207687688608
100	38	0.0175629704777155	0.448929077130693
101	1	0.0175745562142782	0.449225633331746
102	38	0.0173631999670223	0.449309512856833
103	28	0.0171665078828055	0.449837255144812
104	1	0.0170609592384294	0.449892086522249
105	38	0.0169596421576339	0.449888051707184
106	1	0.0166520292983081	0.450305053994708
107	38	0.0167265421683421	0.45001216684305
108	1	0.016610300975697	0.45033948494539
109	38	0.0164137149255087	0.450514930371636
110	33	0.0162768368602049	0.450099883272585
111	1	0.0163036080226726	0.44968864572238
112	38	0.0162023287428308	0.449608861592685
113	33	0.0159218331098488	0.450015538010315
114	28	0.0162031244199347	0.450212367815154
115	33	0.015708188699925	0.450072248281736
116	38	0.0161473367153458	0.450048879143947
117	33	0.0156252670953569	0.449969482698433
118	1	0.0159647477790247	0.447240069705636
119	38	0.0155059835860908	0.447328241746181
120	33	0.0154666371534383	0.447355584588581
121	38	0.0156837859647615	0.447357523538863
122	33	0.0152775426475743	0.447733980318378
123	1	0.0156606848635978	0.447317977435146
124	38	0.0150292623973745	0.447321519089872
125	33	0.0154450464994964	0.447334963449665
126	38	0.014972140392039	0.447374587504241
127	1	0.0150869297541165	0.447088790342519
128	33	0.0151043647278909	0.447402401418801
129	1	0.0149009562215586	0.447272961394496
130	33	0.0148373111828698	0.447390703029339
131	28	0.0147943531549761	0.447997298210864
132	33	0.0147307203925929	0.447995899548816
133	38	0.0147073986379081	0.447489795514878
134	33	0.0147166329438637	0.447676337558402
135	38	0.0145774590398632	0.44767295255659
136	33	0.0144077232185255	0.446794920753095
137	38	0.0144426434375259	0.44691386428299
138	33	0.0142906576739559	0.446932614712218
139	1	0.014235918924084	0.447368309278656
140	33	0.0142185153848981	0.447416535731342
141	38	0.0141629452232291	0.447469342947133
142	28	0.0140575018091161	0.447477699632563
143	33	0.0138776095675637	0.447636894944932
144	38	0.0140124280867686	0.447877579799717
145	33	0.0138068649682993	0.447407971934735
146	1	0.0139677587958135	0.448030550888701
147	33	0.0135749786785481	0.447532674999297
148	38	0.0139038399501976	0.447528018054506
149	33	0.0134878666650244	0.447608885043625
150	1	0.0136779455278862	0.447441162565076
151	38	0.0134332192365493	0.44740178024591
152	1	0.013363264748888	0.447376116419716
153	38	0.0132867565183218	0.44738679975561
154	33	0.013197370988452	0.447323911403908
155	28	0.0130706391438687	0.448147525474633
156	38	0.0131273846175123	0.447983196190769
157	33	0.0130757192556044	0.447896223506
158	33	0.0129208527822899	0.447730283041142
159	38	0.0128774993024311	0.447642452757248
160	33	0.0130564233643925	0.447853752251591
161	38	0.01285401221551	0.447859533747097
162	1	0.0127741436331126	0.447459849089406
163	33	0.0129803870116479	0.447888333714555
164	1	0.0126269681967945	0.447030634472024
165	33	0.0127261396117951	0.447979987650742
166	38	0.0125688031866023	0.447980462862783
167	33	0.0126599338647985	0.447603944197477
168	38	0.0124607886407384	0.448094917804421
169	33	0.0124096145564118	0.448161258711423
170	28	0.0124087238379866	0.447212023008982
171	33	0.0123061269007262	0.448184454550348
172	38	0.012320142413053	0.448180025485443
173	33	0.0122171154388958	0.448442257780784
174	1	0.0122404001766944	0.448156297616801
175	33	0.0119968442976765	0.448491666043263
176	38	0.0120744088939411	0.448406260010363
177	33	0.0120150725105225	0.447561963339613
178	38	0.0119653646638977	0.44759426077775
179	33	0.0118813729553649	0.447552339136844
180	1	0.011952496579003	0.447359227267352
181	38	0.0116706642057306	0.447481251261791
182	1	0.0118365857337518	0.447694856889021
183	33	0.0115296847838537	0.44785194051346
184	28	0.0117001985252058	0.448082136270951
185	38	0.011510370307504	0.448055420839062
186	33	0.0115151667829235	0.448012480940711
187	38	0.0115906007178523	0.448009449283261
188	33	0.0112895362490708	0.447743610232023
189	38	0.0114776384776953	0.447568518916835
190	38	0.109320177978397	0.447221114625662
191	38	0.0986321563551944	0.448117228049895
192	38	0.106193111685896	0.447090505502656
193	38	0.0979924825970203	0.44540253671288
194	38	0.105891128820396	0.444740601264019
195	38	0.0979157179818313	0.44576185013953
196	38	0.105306415817694	0.445365103545276
197	38	0.0972328345242286	0.445323956313744
198	38	0.105313957076839	0.446207110376638
199	37	0.097162284071191	0.445017287964248
