1.51199548428896
2.96606737747658
0.895149202094302
3.19700442105177
2.64166675697433
3.59879116782706
1.97422755875532
0.972212920572238
2.44167249112088
3.23227866113042
2.7723161515713
4.1161211952621
0.603238051663018
0
1.11451846583964
2.15697566151306
1.54559769429323
2.03097346134577
1.23655685456758
0.826366697231596
2.32274323648643
1.08681061740083
3.16817992983882
2.58980113751955
3.95202816993273
0.870372895351103
2.89568683956821
0.91151458097054
3.32654017379347
2.23665412976527
1.22909946942919
1.31264278348927
2.95716834414378
3.84815092642303
3.57415723965479
2.1689317016775
1.48777234026783
1.48556920347971
2.99906572601457
3.6103934398471
1.19346443390365
2.97659790878048
3.83026475843934
1.93664132342665
2.96859316672685
2.38818568969765
2.58553654819973
0.936646504516049
3.80296997808086
3.83705464665357
2.87364134857683
3.28470126034093
3.63449836236212
3.18488148999316
1.13497613807399
0.908591495298623
3.09750211687731
3.05071055597806
3.92067935653834
3.46390123688307
3.51384264018774
4.02481614655338
3.78461185492338
3.74111558254871
2.47225445123087
0.845655222382449
4.22654199681181
3.88438673483921
2.48247841282235
4.22894775119921
3.54314620381484
1.10907175393591
3.53841249715214
0.9697301027811
3.34289789223266
2.98125995754131
1.39155531254824
3.48059021672789
3.27752538778009
2.07892681218903
1.41232745639441
1.36982921509398
0.864029365460343
2.78401161806094
2.18687614714351
3.46190059525105
3.45018733172734
3.83086593567558
3.24998620671599
3.89630094327065
3.12327777519702
3.76199052333235
3.39236813373935
4.0294924578063
3.68727658635211
3.22755899318099
0.942438993405824
1.74531802805418
3.60018387285719
3.75249158558159
3.48416274484877
3.42546962254258
3.69368440898779
3.69997906165918
3.63001297829512
2.43506183578438
3.38195160475639
4.01490168998377
4.40738959393548
3.21091123330576
2.40174611798296
2.33469157402542
2.71246786766457
3.07647888869956
1.92168429063701
3.77087091169241
3.47020003216654
0
3.28313824480856
3.28909545625867
3.53382585665066
1.87182574434614
3.16302892674994
1.16887951889675
3.54569816156825
3.63204106270444
0.849624119220975
2.0095380692981
3.60867460291712
0
3.0841868966366
1.27088517623626
4.12791442086799
3.47065508091963
3.74569995921586
0
0.373569045173504
1.81188934056318
4.03859153578568
5.13880983025079
2.72614803805026
2.33217672072451
2.77695823637576
0
2.8344460775162
3.61053981078391
1.21697718042503
0.767897267610275
0.0397260380089845
1.0920691204572
0
3.01066956787316
2.29653852828931
4.1161211952621
1.73388163310146
2.74947698402788
2.66624364051834
3.03272177211097
1.84382503270274
2.77142798580248
2.06865502901015
1.4852622861369
1.9991824301388
3.52474118625353
3.56636195795489
2.57955052576183
3.97088179198796
2.70659659839722
3.08184692483524
3.71988623272348
4.01979632342833
1.96452312780937
3.97053574619893
3.66357500034408
3.40572863253534
1.43389330490297
3.69669705521909
3.17249143364755
3.93319181936793
2.10780791385972
0
3.7250911518863
3.22770268909156
1.57018908087725
1.59048781570379
2.18084688509244
2.2440030336489
2.22073201765111
1.23683358343069
2.28414096007016
4.1161211952621
3.00445186620953
2.89991343576083
0
2.95455127716851
0.424402485684179
0.447509927652257
0.948889720185738
0.972301988925007
2.34910613715174
2.09108656830913
1.15518409181608
2.88552878552341
0
4.26795178710235
0.100110432743988
2.97713569124727
2.16686978828352
2.41388289385048
0.170638631845511
4.14918404137141
2.17388390088356
1.10125505010444
3.88982493392687
3.67315733129822
0.493874555984796
3.06517543175059
1.33521776903422
3.36487653139396
1.91019062251744
2.2823704053451
4.58240617851931
3.91101880498598
3.93064705394805
0
2.00166966601552
3.18200254838502
4.29159122529132
1.90447349106014
3.48427930399026
4.35660421961677
0
2.46476658339072
3.00325827617252
4.06045379913686
1.16119914354494
1.32243055162921
2.218082353853
0.674304474545461
0.455508486064449
0.431530028665728
1.66260882351951
4.33005294496712
2.51139350815406
3.79671565788082
0.702912830822551
0.17543038665361
4.54642916535572
2.31403121107627
3.18266048372812
0
3.31061662880457
3.03011404067862
3.10130514019816
1.1617266376923
1.36131128365658
1.22939134839115
3.03266676248419
2.54232224777797
3.30927482640591
2.87163284972429
3.53194617267347
2.73128069136709
3.40180772414245
3.13922367537062
0.84022465039888
1.63818645868398
4.088904058772
3.86859144380041
2.84255561488936
3.42443407011953
2.81707688670861
1.92916738884928
1.09407844298785
3.47567763165939
1.95507415113458
2.1971985527338
3.70015393712428
0.590574417847488
3.79709705890577
2.59980096940168
4.01905670780736
1.9036353157762
1.37567086271335
0.941649226585899
4.59869664094203
1.60228271142474
4.13104264183466
1.40877187757648
3.68299411496515
3.33116121136407
3.11926122189738
2.60634400990014
4.71034228370688
0.985151526087276
4.85852404395574
3.1603085640851
0.860332598390542
0.188323380975337
0.461107199819927
0.615132838259316
1.06717603536389
0.694403826460004
2.72019283105275
2.08214265846452
4.79269063197235
2.92282529080669
0.862993718965416
4.52060220090367
3.24364279121303
4.37040590510542
0
2.01849617267548
3.98907846653663
3.30246798689604
4.23009807995031
3.87839807025764
0.736985610732851
2.91560860589144
2.21062436014159
0.332579116748921
2.2191206543453
2.73558978614473
2.13766979372578
4.54103371464479
4.30647423363506
4.03797322861194
4.19811501865529
3.52642615607889
1.70737334059145
1.08493682004374
0.901935018515324
2.81637731779689
3.83919616990826
3.545713426537
2.7168391408724
0
0
3.05423055856685
3.26883803788842
4.86286721021191
0
2.30289795008153
3.14093558459322
0
3.46546466204577
4.04257354784269
0.603498738081269
4.09352910637466
3.90619688250808
0.493704451786769
0.943028559468643
3.39195613525769
3.65193777408464
0.908948915492224
3.47390960686197
3.95221571154828
0.282135031796218
3.63884745613761
0.112734083521933
3.57465668251743
3.20426571722264
3.24280281472148
3.75376547282446
0.278602779261048
3.99653742470834
2.35479548583436
2.55226802259254
4.5291306841188
2.05354716111524
0.0598074145086174
0.268266245118503
2.36307177302122
1.67091933452202
0
3.13194583866592
2.8868277094894
2.44322885373061
4.26829674576705
4.5804099465024
1.55031215987908
3.00073803552271
4.01934433533306
2.81074769303739
3.2642425716205
2.39620578043639
0.976129750768206
3.86451980991429
0.536051676619752
1.68551063223322
1.88438237709063
2.55383536217495
1.4407396461841
1.33295399643628
0.862366768817913
0.754984282413899
1.66301135036465
0
4.49962137099865
2.69735032964212
1.44431577005058
3.41783374040136
3.71532387682759
1.94353204456278
3.46611899799675
2.7719638075699
4.60935818864805
3.8190736175353
0.386402278480925
2.34150692144384
2.04990596330604
0.495831297870514
3.04554064646227
3.20491691992733
3.87328965420832
2.03585949247981
3.13704760408694
1.61704888433629
2.48972642365953
4.50446648834374
2.46561895994381
3.7354198877729
2.59835320744241
3.22447246839022
0.231557825188434
0.308965242073308
3.31585082871367
4.12753099100489
0.00324965468839426
2.535390235775
3.35934989113811
3.04524713507356
3.72336415220221
1.42490810561632
3.4139131099252
2.48114903619506
3.52113637873448
3.03960775903754
1.7638671250063
3.3559426415248
3.37837918986897
1.50134421358506
2.69846180146658
3.32005828047932
2.38174479607838
1.94194198521559
3.13563275153076
1.91463976803913
3.10134966413468
3.14284089844055
1.96006079406314
3.31735766140941
2.65892934907892
3.27464936397546
0.519874718681432
0.519043076707832
0.211742895266616
3.06835740859375
0.790416835598391
4.1161211952621
1.97716059138171
4.10836740796923
2.72989066506885
3.99612683341083
2.70985676911421
1.22525918578958
1.99883213536278
1.02727182438123
2.59337867144637
0.958646407563671
2.43217204915572
4.49872160364971
2.66557184236841
1.21526274359576
3.90063784200198
1.59878193066856
2.2922522477632
2.66546096191354
2.56228897227645
3.46149780231826
5.00848493745654
0
2.79779086029425
1.6522683000178
3.92438214383549
4.09535550801601
1.82671606762296
3.6047118726806
0.958731961427343
3.97977087011626
3.23084535382219
3.98126461370525
1.64062443289377
0
0.724689844589482
0.506059553012525
1.54358339990172
2.19921202317792
0.860787041769034
1.21928117619331
1.47199517575682
2.08594591963831
0.932223921109751
1.65796817753625
0.718845972972044
4.86286721021191
1.17446585419215
0.294357151043023
0
0.513039348113254
0.616127476650962
2.52823710121081
2.21732474931658
3.08288003447498
2.57048300558003
0.760139545212492
0.794390612047473
1.72695801663145
2.71847503498214
0.00763467651879274
3.56362307885236
3.42671388623914
3.1091551751794
2.97291744478806
0.769947255328039
2.71990436792991
0.714005823824609
2.97291744478806
4.16046317183451
2.84969251794483
3.63243277787352
3.51960125802915
2.10265010371508
2.55212380273491
4.25304886463024
3.41805607527321
3.46235525747093
0.825027905657666
2.89146036583544
2.84482027653891
3.86506496232692
1.40896743758707
2.79565831606619
0
1.17077001730831
3.06407964793794
3.36657218760156
4.08718876549044
1.64604166348211
3.58467247190332
2.63670277429893
1.19155496785438
3.13751029802992
0.900119688855675
2.86018972852131
3.53528037848046
0.586697938172071
0.550141327792162
1.96575604570265
1.39290569941619
1.87910743835926
1.96232541473942
0.291721164248206
1.2655753127868
3.057948743717
2.77243844728541
1.44937101673641
3.75873846231877
1.17302382287189
0.0524248213440245
0.343133656395193
1.2707283481503
0
1.03612945196055
4.86286721021191
2.33274665436243
1.60587823521349
1.4944408308499
0.108021805189771
2.23001661523344
0.538661170203935
3.07562263134101
0.984943815215218
0.581438511811799
1.84844355371325
0.0146236023506868
4.01802300790474
1.52855845042031
4.68956173286161
2.57236851435867
3.22141500299812
2.63669261942516
2.02823974257395
1.97891596524964
0.513378599714962
1.84194280657028
2.25373403059836
2.93902947086265
3.70598065081689
3.10820923242112
0.380904620937223
0
1.4338645390619
2.57168961791296
4.06237139099769
2.8104390585657
2.99037912281494
3.32982816282813
2.53576729766732
2.96143715413123
3.29940182498233
1.86457292506782
2.79088599122404
2.08897715356582
2.54970052419202
1.26881882681543
1.79743103198273
1.02031009708907
3.30944067942623
2.87637245243728
3.10396082199182
2.59809570854556
2.31587529923586
1.70892648603135
1.79902742134524
2.61986456401022
3.02419138481198
0.863236426518392
2.95559071526271
1.63684275025936
3.84163376380754
3.09978831471125
2.41451769483576
1.19250536019031
2.0779962332529
1.67435606622983
3.12040533707239
2.60536864817309
3.83782269884161
3.09118472983401
2.53014238382366
3.34263283521975
2.67219934059513
3.72391452620008
2.88838002286471
1.31258139892652
2.52243645596615
3.14817597667641
3.15476141068395
3.17126485292626
1.81613750710405
2.01626079159316
4.59909268784387
3.86749463683861
3.54180959752337
0
3.75773793185652
2.05761959855124
2.22789701350985
2.93951544846066
3.97724532876201
3.73443660379217
3.97883862440892
3.97579122776493
2.66168528718341
1.72380110837749
4.46735036448199
4.50120000655082
3.63888699144537
0
3.55653604191787
3.15016430405755
3.87666016017343
4.123192364023
1.00445287590127
0.469705237845091
0.554764527352254
3.91272071241761
3.16768623147541
2.06544772895275
1.45229413359527
2.02950589004197
3.21386715557497
3.86309112105023
2.03517545977822
1.95074003357468
3.94491653105361
2.70586422151954
2.17800200084657
3.95678770694855
4.56253983399602
3.91187751185762
0
2.36708910617967
2.79853384146391
2.56412989254884
0.797864766919113
0.969625715501171
0.378305008562033
3.95652272393616
3.32726678709326
3.0076652517509
2.07627047864379
1.97735597632758
3.54587836527363
1.8258905577835
4.34332258840015
3.59014239371188
0
3.45681593519718
4.55876549786661
0
2.31049028799629
3.29496091994355
4.4466570004722
3.33795493553183
0.324037878631421
3.11431747424566
4.09487422713011
0
2.41131396210748
1.6668275935835
1.88642000549903
0
0
2.46781426676076
0.0301502996204725
2.29060732829168
0.0794030198798436
2.46958377539922
1.88974906746422
4.07134992212436
0.768481600937219
2.07102452989428
0.0795458824913518
2.40800334647725
2.8842739167373
0
0
3.02297580742634
0
0
2.70335483660314
2.87398150062996
4.1161211952621
3.29078642781088
2.71120246426096
4.29691447933233
3.25773164735249
0
1.06589708921037
1.7006143090237
0.725296279534021
1.83373062646011
3.5731658114763
3.60276582682594
0.833809408961792
4.00634440150615
3.55679590038125
3.13445927049456
2.33253830573813
3.03714443442432
3.12476130030553
2.60825441488561
3.79824136234655
0.772541749289224
0.406023507283627
0.167424056689716
3.58149743988061
0
1.4658142713604
2.06877654225194
2.5778084034758
0.932217348749462
0.871674912122657
0.267146916741001
2.86951754751306
3.09684246889011
2.32062496374509
0.871674912122657
2.45259272499937
4.15658143825881
4.26239687436882
0.85117580295586
2.46252795334414
2.06519602296528
3.64561506093282
2.08730931689342
2.23340082618677
1.78065546753878
1.57450671135484
3.66366491374649
1.84612429774284
2.21697247073268
3.87339347047233
2.98247271376058
3.06216394683213
2.77122791677605
1.97856423432034
1.19642181680798
1.06417402594667
2.32544101061043
3.55834748956078
1.84975332832251
2.17745996361889
2.44273680330055
3.3390403108702
2.95593680040143
2.36791978249196
3.70905378389997
3.03903705585764
4.18185156754475
3.83843395097935
3.85140408712122
0.728921021033495
2.02082484805695
2.55106274527978
2.43274818404951
1.60553090887727
3.64434276148293
4.20310671714824
3.43293380176623
0.853628560271237
3.59895342016222
3.99337653133361
1.94556862772691
0.10266712033678
2.84379833858434
3.22655204612816
3.31363428806205
4.01136125289427
2.51766226043852
0
1.56600241070605
2.8164387156884
4.01980497463915
4.05749897227008
4.60594199955557
3.29303403416001
2.56769155673612
1.76556385615638
1.62804120579802
3.5743056416705
1.81352670385739
1.79326846011122
3.43774780998265
2.06121721466143
1.27350173109354
2.06959804288895
2.89215478888224
2.89215478888224
2.89215478888224
2.89941912550465
2.89980654321087
2.89215478888224
2.89634556057433
1.81254611893318
0.558693205946655
2.60032079390382
0.559921347477378
2.82128079800413
0.096870137569566
2.58674863506543
3.29386153158827
0.220193809506762
0.0905054491104065
2.15171415387232
0.30735229184668
2.62304946936424
3.13216509505037
1.26118748029434
2.85297045346798
2.70553479758974
2.90672665851473
3.16724664582708
3.79757566469463
2.14828545577042
4.1161211952621
2.02698670403693
2.76899344593266
2.8467891577391
0.730198203699163
3.28164568240006
2.94666008253703
2.97885665653525
2.07588365935997
2.979199137885
2.65491079702698
2.5121803657819
1.70844852378404
3.48345111903292
2.95354023200009
0.119109664945387
1.51339508129984
1.25451581756022
2.39273081975001
2.96941701354475
4.32485687647486
0
3.89456218558822
4.1161211952621
3.88581359494069
3.56398550660676
4.15124614517599
3.40797023011721
3.06893295151092
1.99505268639031
4.43514615912272
0
3.18552647960568
0.00621692212014268
2.8129274417057
1.25512264401092
3.75812270664359
1.66770841003301
1.8038415027518
3.2540847550468
1.43161615252032
1.36729015262198
3.31534603463261
4.70959691141837
4.14556852872208
0
3.29818001661714
3.15713108444139
2.55507530102216
4.7082856353344
2.09412135811168
3.64021553523156
0.053383777660538
4.38241321126707
2.85080479224734
3.83117272991135
1.98282846877678
3.12518978865692
0.101095266804056
2.80920796908802
2.01746872090827
3.03895989686635
2.50608183814793
3.50072777352789
4.46638021448417
3.99825834321012
2.0566681015758
4.02004819603126
0.344360704065195
0.32617723812748
1.90412063646868
0.400854201789823
2.16008222147514
4.20201308684852
3.59370060282733
3.9167721977594
2.63776530806854
1.86561235957197
2.63038559205747
2.43577087157083
2.53870355066803
2.79273369218246
3.57309963477872
4.36114910404621
3.31202100000362
2.70410344801248
3.57335222154907
0.601723027670746
0.193293132040317
0
3.99971945111603
4.64427097554431
2.9558205648542
2.32671925926
0.251683355674475
3.2486527149994
2.0885305909847
0.980349355691692
0.079270421116873
1.05948190510595
1.70649810312877
1.15219477827426
1.57711956084358
2.73930790930275
1.06396840879338
3.82058811241433
1.997425545814
4.1161211952621
2.75573257917997
0
2.08887988617216
4.27704595399775
1.13250886857788
0
2.11066072490523
3.27345283786408
4.0074570852005
3.8094145802174
2.05076030512727
1.69351227355307
1.56748358240728
0.321846957202415
0.00296538065720513
1.11530050579014
2.1002229580097
3.2113154631501
1.02021378252609
0.820579804354827
4.35509727699501
2.74375004995845
3.09699039946078
1.21078666459858
0.129062531968164
2.64126591978636
3.15731010009854
0.458511774893331
0.24638785793251
0.684548694131853
3.81738736292169
3.28870438736426
0.930922644906445
2.23636465414162
2.6198444052632
4.1161211952621
1.84790700637411
3.11118994384289
1.29837119248803
3.20681190053385
2.78626683696889
2.3274891207389
2.15209473313962
2.81109220025177
0.838828582318263
0
3.2950269327534
1.72356530214654
2.90871913623316
2.46427714842628
3.20132809486732
4.04713325661928
3.52121925675162
0.795651395313601
4.26701276934905
2.31138346569911
4.23835529341194
2.70857194430845
1.75370618850303
0.351744285140619
3.4878840038451
3.71005176136407
2.32508726892501
4.23615396315121
1.62186899580408
2.06118836624794
1.88830455077417
0.108831671356396
0.208199246323414
3.08350114779918
2.39822277881285
2.11259567421267
2.64079672797531
2.67113421959146
2.84580948320857
2.49213895120966
1.33640886507188
0.878213699400106
2.88523527422708
3.29027570020812
2.6676742632579
2.61532983364434
1.56738958585519
2.32835357515493
2.4755990925956
0.981093915788597
2.90367490581063
1.91033021361937
2.69410832791633
2.20697614532057
1.70326977302163
3.15818737099058
4.58822296500899
2.00347592569778
2.31332216993753
2.84076854974251
2.13334672759671
4.79851388004514
1.82142720321382
0.133459444151345
3.91736687705172
1.10429678641293
4.1161211952621
2.57300925196094
3.45924857909051
0
2.47304159285228
4.26741797228748
0
1.4614345580651
2.71774264862885
3.95536863309859
0
2.86258262641841
3.73629704538537
4.05774124626845
0.695998984187154
2.14130037923981
3.73539336444666
1.05961487735087
0.830727008035657
0.997686875019336
0.0665973094884992
0.662339831035829
2.83454154794574
0.0333860945847493
3.75963365236812
0.0319518979657793
4.69418427113638
2.28873694456033
2.94238438978576
0.841952531689848
2.10446412421683
2.69496446473661
1.14846348466723
0.654218957968813
3.3703890198387
0.556172292690636
2.79980573504486
4.07644593147944
0.153324413224712
3.61831794027251
3.25295051392178
4.10956789162222
0.134526485964791
4.16924101513968
4.12837318372223
2.92413177834875
3.9768766050424
4.86286721021191
1.54581659591728
3.09810336971976
2.91255387508839
0.122781853404639
2.45879248587463
2.14000172614492
2.15922377535598
1.23039583599879
0.745461755554017
1.35869219857179
1.21198206496582
2.78554575434142
3.38977462053623
3.67365783464218
3.03672894065534
3.39638510614395
4.31953607498318
3.31552301863205
4.32542669780881
3.79357969551555
0
2.2961451119137
1.00616200475607
3.69058643299195
0.837157909709897
2.90244767987286
2.78530657592188
3.94247060361489
2.95027428778596
2.83502573423778
0.109755582412209
3.5091500191595
4.74084931369962
0.755263959333931
3.45699572664326
2.20717092209307
1.92792094508921
1.84511861719451
1.98250208918635
2.75207107946911
3.28615305240582
4.41086828650195
3.29973701996038
0.856554480217147
4.08109784693021
2.90647276092751
0.580579148629695
2.89366100597307
0.579764943704207
3.53097449310045
2.39293189990891
1.77240301460151
2.41546393824239
3.22224541169717
3.80563564484563
3.23390296436617
2.9269311386858
2.51996885825166
1.27621418244389
3.84847435976084
4.14652227173268
1.25952412690015
2.24814931421833
1.77723896563192
0.792577061113977
0
3.41594592485875
2.23873969223677
3.15188858275188
3.20002347910827
3.88474025080821
3.44765439352431
4.00178663763033
2.95024903290272
0.589090210366923
1.09540593525121
2.83589970305662
3.45685475108924
3.86750703575254
3.47125101101773
2.5883397258431
3.15383188304983
2.57646070159163
4.02210825116871
3.60796591727374
2.39634659886368
0.600801887670742
3.77965403271861
2.47696054803362
2.80371496313756
2.2273906219075
0.317852349430455
3.43170822222968
3.94054602200885
0.596837539243038
3.74633721704051
3.81023572187466
2.46431559801327
2.59985680950898
3.08393328185501
0.746746014949805
3.71742275468578
2.59975124601273
3.33940303513559
4.47201322427828
0.200871231023547
3.37494786583902
2.89056787439201
4.61302089208159
3.31243955780567
4.06417143167267
2.26173474501442
3.82252179898
2.20245511313832
1.8633121763949
2.6257354981758
4.09781315480972
2.86337472318339
1.15624880831343
1.36720362923602
0.93856253556981
2.34680298530393
3.54854690274671
4.18374851574574
2.98682193630201
2.6113496753455
3.68369701714688
2.77423869335511
2.46582314283086
1.12868645187012
1.55201506287414
1.28697730249827
1.65813445159169
2.36597196513136
2.36438820379685
2.27170735256142
2.4863589521069
2.94432603256571
2.44668985052191
3.59081232393888
1.32820885814763
2.06404758102446
3.54816998867666
4.09647672764221
3.39243893295084
2.57146728607387
0.463413856371265
3.23130617597609
2.60688306459815
3.43233624052362
3.25407103419193
2.75952181559639
3.33471538084114
3.1061080813262
0
1.97724444837477
3.24882869078043
1.25035505546423
1.51691168480844
2.24902783099026
1.74749933642288
3.57245922008511
3.03916669475022
3.43237677281073
3.54131789563298
3.58769307514365
2.76550244640715
4.41142414028474
1.78321246120068
1.95004169588415
3.96675531746735
2.90095432526321
3.99236893374021
2.28636331550119
1.7272433540842
0.924005218242888
3.74740510545923
2.09168734102199
0
3.57796417997258
0.216571995873007
0
4.88579050143976
3.42841374838353
2.30848075436243
2.53759670273225
0.0975288451850199
1.20492444906147
1.77147537707331
2.21524821576007
0.588093832968151
0.674420002833164
0.616565744434031
0.362652587507458
0.344379069226509
0.54557505755582
0.412597799229735
1.95000633987316
1.0326627963172
0
3.49382794296168
4.1161211952621
0.441055183334438
2.68277699919268
4.02175660146886
1.94949424375207
3.535007083674
1.82774614165299
1.97441688850209
0
1.15831219423841
1.38511992549171
1.26001037846394
3.81572706660431
3.44024786958075
4.1161211952621
3.009896753493
2.77963806116268
2.28817005501751
4.90904947352636
4.52226576855903
3.2993533797682
3.54544914452835
4.35467732981537
3.00587556310375
0.988746829525642
0
0.477567418660185
1.45653467880333
0.736124008600115
0.19359068791868
0.640876492797343
1.03500290674761
0.165887245246893
1.07903257446776
2.96862335202498
3.62501979553037
3.49478484853599
3.74161512404735
3.51214013829573
4.61641621079416
3.22156359625875
3.79932793991058
3.78917102520951
3.80392848819408
3.58556728269404
0.810615102597219
2.93530696430486
0.079921220642904
0
3.45239707071451
3.63857192337053
2.80182337483647
4.32902943360653
2.39789449005941
3.32211531722553
3.68067724318216
0.488614590306178
3.10477537186275
2.21379559169295
2.5702564433145
1.02646352445828
0.419430074530843
1.39818974926228
2.7235860522082
0
3.163213656214
2.4061179687063
4.10432633866714
0.899846607097569
1.30309329820464
3.46519453621118
0.560206617983191
4.01168947947107
3.4614946036818
3.69581418298726
1.35771180209119
3.04626289153203
3.82390852222057
2.92882328466002
3.15909513749233
4.04999012076931
3.07683426706631
4.64995897186748
4.17814615222954
3.92179790497141
4.03718902654948
2.88974484770125
3.8870606558806
3.88435407962325
0
4.09451828919931
3.31493018694578
4.39411730836629
2.90778694043112
2.90778694043112
0.579981379101767
3.4467134700641
3.86444975568945
1.32157680487881
0.418814753740975
3.54253649382863
1.65195817153856
3.49761652742508
0.217215548221183
4.32902943360653
1.60352094882767
2.08176250840982
2.39976298727999
4.03477291082813
3.1410066093503
2.52819766362306
3.63847642434888
2.7225587101393
2.37994311034573
0.677007786099717
0.747774936000747
2.7509451750906
3.31074714762054
2.88024364827456
2.41668945537641
3.03075324624195
2.1095769898147
0.364684187178528
1.69689767266691
2.95244619992672
3.6336938376015
1.82138388352236
2.85388680230853
2.06769103416716
3.57472981759098
2.23047791655563
3.77131078725886
1.27835671271588
0.869143766029556
2.68474231752375
3.39739988824424
4.0001903804177
3.34588928354125
3.55838561390016
3.63897566706012
3.94347006696647
2.30444045382191
3.70859473703165
3.79049078741878
3.67824116197302
3.64052638498886
4.18435788109056
3.27987620928813
3.02204357865153
3.74952428915253
3.57005205543201
2.87616971704625
2.6571642361572
3.00158816076119
3.20992007056572
2.83075847363994
2.82028807340088
2.91422771992967
2.91752199694433
2.74171532550766
2.69977568339819
3.38190777874268
2.47866440180813
0.46961088926749
3.13951878930558
2.50768955264437
2.52230026854078
3.04355224935779
3.44348327569944
0.343480740063226
2.58855581703735
2.58854638316464
1.38204847625311
2.54220220095791
1.25543738127724
2.22913755539891
2.948829541176
1.26179951480533
3.29618468521023
3.11610845363116
2.24497555801499
2.57753192673086
4.58051921237742
3.45142472101313
2.71815514992723
3.61940947553256
3.86225690580287
3.33896056592353
3.37888732547463
0.365747416039178
2.48116615778625
3.04396570180953
3.71416754999726
2.53398138404953
3.34443874912025
3.23325988497106
2.48819706119198
0.477023370048133
1.24530106836864
2.67216497514198
0
0.56030781716617
2.76788426668401
2.76503083464971
0.481480294701796
2.23759167347997
3.03553566841244
2.07954662338233
2.16230663668145
0.0955380868492174
0.959413656437993
2.21960982460104
2.89651797437805
2.27011853821368
3.60052130828853
2.45730705969138
3.74844993485851
2.90597732955776
1.02768094921177
3.99592610975631
0.319429441394678
2.98910470473894
3.75848318075133
1.07202159074439
3.42823262265892
0.575797943492977
2.41257758888765
1.94110800505759
2.18931521800499
2.8008277914984
3.18462185283147
3.2482469224423
2.39334515392234
2.47684496468205
3.31347266900536
0
3.44846601594633
4.02570534486476
1.99633450384693
2.13408488168687
3.72409058187631
4.38985809881848
4.27150811525734
2.79463077681323
1.99355036870589
3.24313048327841
2.19291151158911
3.54209975574813
3.61634189946506
3.31442536294261
0.982034058224503
4.32902943360653
0.440398654531112
0.473434740282143
0.544539658447289
1.51370153472049
1.03564992150816
2.37030602396968
2.72747854503184
3.32850810099252
1.68031224918424
4.05468907398225
0
2.52489606591677
1.90842975430472
1.1551236844642
1.80876641987928
2.69123328918096
0.568562104220349
1.82198596479512
1.84329872030578
0.185797074643354
2.14350341894203
1.75574581284449
3.3088935292489
1.17522259615023
1.10584451293735
0
2.52495520767007
1.87438670048025
1.30556066225075
1.66850827758673
1.41081633577972
1.4039043453349
1.4039043453349
4.26770462208323
2.17457641109849
2.17526283662744
3.24239586738314
2.40721651995221
2.41498252836749
1.67117173439543
2.75775831173521
1.65218077137897
2.75125037085772
3.9239526907704
3.29483580389125
2.18814784378518
3.96691883792776
0.338539520794388
1.24268377551856
2.35729810618341
2.11428823785742
4.17588223161343
3.87504794266671
2.09039823342224
0.959969442076894
3.95504662357653
0
0.655691658071261
1.56727524646402
0.0803280865964818
2.94205880497923
1.93888342306645
1.87020495253303
1.47680232867642
0.640294922660332
1.14241040349091
3.8715434162018
0.894449709734187
1.34423879103423
1.14759218983923
1.02112966997702
0.550716674357946
0.53734846619334
4.01593404419847
0
3.93294235215917
2.10305241915721
0.653431348225555
0.736030173228231
4.08395609177293
0.728462570915757
2.93177536685889
0.596821576771382
0.889886988910745
0.582352268176643
4.29219000129681
0.776248293630091
1.39582405503219
0.609669945653329
2.92943028968305
3.21503651720499
3.55437836188536
2.07189161554841
4.34424535881613
1.78779051337185
1.47706908105256
1.70033067119415
3.04184746996622
3.04300030704487
2.40232380822952
3.08871241130911
1.33584728648462
1.00219148277018
4.08344875385104
2.18748676696086
3.42160734946888
3.00549738368095
2.65401120536712
1.19874241156604
3.70838032403871
2.65743461610165
3.25812561432267
3.41010723227464
0.421818331269758
3.52740446589949
1.61926110941486
2.10601292375626
3.23449136347741
0
0
0
0
4.43514615912272
0
2.1072728135567
1.87470861846626
2.02010745647344
0.331068777087807
4.38304008356479
3.73672866856953
1.13151507676794
3.44390280732694
0.964081139088747
0.762390912307588
1.5166910739398
1.79921853855137
2.34293873143053
3.36070013868966
2.37530557402638
1.4388939472473
1.54410392139439
0.430685672586014
1.75566756003094
2.09092640335297
3.34670286423189
4.1161211952621
2.73631371750077
0.928804043037737
3.81357294922168
1.44342755127699
0.15884402991096
3.90689477389074
2.90229664487132
3.44930071635861
4.23594060332087
3.4468088872977
3.44831700910053
3.44628795994929
3.44729933990068
3.44480282201309
3.44779762595456
3.38351770928004
0.389398495679351
4.18822025603945
1.23985612319757
3.21859141942101
3.34316268605205
0.929812409946947
3.4207033273443
3.24507693896295
2.1335886119634
3.65543065967279
3.22534080897175
0.341449006055471
0
1.78426217901509
3.3431369001333
3.29634909100703
0.699425857325858
0.896990423881193
3.30842848292859
1.16154990684274
3.71939530914907
2.57535593274565
3.27596974666194
3.54091624351159
3.45947393925496
3.24958318372927
2.94980237951085
3.49862058344742
3.09780990480097
2.48794500534291
3.02354776679615
3.74408781487359
2.99404795391529
0.584323573205535
2.06060324097861
1.89042441508195
2.30392738475592
1.22874879337489
2.45555900269359
1.78365914397207
2.99788194277317
3.71024892929944
2.72708585722668
3.06224149767751
2.95552781730296
1.98103620427699
2.44942186481269
0.0186341548363808
2.56259723025782
4.07300210769943
3.0872579146544
0.749041941035221
3.83351775359361
2.00203573087662
3.6839555285668
1.69561398387318
0.996558100884115
0
4.57157355937142
4.030605025862
2.88622913226361
3.05265151942526
3.25339966397216
2.34142434129462
2.78869778647312
1.4164731277489
2.22846291562819
0.60156279524423
3.48514805156074
3.66837648912228
4.0523765271164
1.79554539638412
3.26381724638685
2.90015806290275
3.60085659804374
3.32938589703926
0.0171574232952238
2.90821944224484
4.20716776771097
3.42329897372648
0
2.60133844286161
4.13307815994664
4.54659407340582
4.56493143983832
2.10734952242971
1.87380799992443
2.18512756102096
3.95838097023502
4.28599264929587
4.20651002523818
1.55523910734665
4.55943162031623
4.01225283851937
3.47274524559597
3.48131634084722
2.37857682322769
0
4.28531657208576
3.48493449670333
3.24179003373266
4.623034482504
4.29248435574578
0.666167244984249
1.92200629236263
0.769257294553119
2.7325557281569
2.04808092262612
2.95673738032608
3.28987674929476
2.19381373623057
2.94618742189561
1.58231895784313
3.10939350119662
2.39874900973205
0.919020290670703
2.70170581255768
2.14753173349474
2.7359480493756
2.70618140761491
2.52811322924639
2.47464493720828
0
1.67564330410243
2.54403035852236
2.56259692102618
4.1161211952621
1.32901819855501
3.67189318388682
2.11112784404864
3.20581208915967
1.39821178026008
0.920226949957086
3.05215174869327
3.2218714149891
0.0672138274053382
0.472517626119828
2.01337580988177
4.86286721021191
0.739422859950646
3.13612504854472
1.83724273050783
0.294350176458304
4.07386184796633
1.64393418756368
1.05817578574724
3.66489128879779
3.68838169127793
2.45078382065261
0
3.51599337088522
0
2.65494117599334
2.95085909696109
2.91070871773665
3.02452213398998
4.1161211952621
3.17746102645247
2.66986062336839
2.74513763523444
2.95318176355047
3.52402734013598
3.89197465603102
3.08307510531509
1.53916030498701
4.40850873028324
0.840627185474465
0.840627185474465
4.28918505188857
4.54628132686308
4.6109752166855
3.34127134545319
4.01348077798837
3.62382349760314
3.04703918027841
0.601126778462529
1.66856267983724
3.56737379317633
1.66856267983724
4.70580824559034
3.82028801542805
4.4871250852509
0
3.98876906539873
3.27740368475954
3.98873676535402
2.44969358644267
3.72985355037082
1.07431745714714
4.1161211952621
2.92161444140773
1.01540944767307
0.0245608814671745
2.71833035257731
1.85029970288422
1.59094242554411
2.64359412399123
2.41041116382377
3.69082044631333
3.72095714886378
3.91506542413831
2.34439321161617
2.99109054213255
2.87786920661354
3.3343196717237
2.75135356059585
2.65124980173235
1.14396025061336
0.0317657362108413
2.62590093836082
3.02018548454165
0.546709289773101
2.84488687747028
4.30743243078867
2.39509725989887
2.88308936565978
2.86096393786491
2.71904768099273
2.31837534661632
2.67643067808527
2.50228407694403
3.38248725655922
2.78234481887328
3.62594476162602
3.46085956597055
1.70325677923756
3.2196488034399
3.31333762290914
1.87862279555588
3.09580224537808
2.99456013074239
3.72740541288682
4.40217631080542
3.74742492471017
3.3068941342305
0.212908238344425
4.1074194463848
3.79921119361322
3.68193527922683
3.6091017420214
3.43594754627489
2.16538835441294
1.98912106710797
2.95774502950933
1.82274582395918
2.50154141281922
0.768370299702858
1.29879760800245
4.05259927617469
3.87391343144049
0.653085619155876
0.676061023468978
2.14766351864687
3.01016756776485
0.754200701096051
1.4190622676987
0.882021467876771
3.74302257084688
2.1682923456532
0.340257047174572
2.37387501668831
3.35764931194577
2.30493974752555
1.46169881394312
4.01136935939315
1.65180721834463
0.0593152491964004
2.83487943534
2.8641405093741
3.9521730659471
0.249059592709175
3.73901357134007
2.24309221278069
3.5670211440702
2.72967661700745
3.29471094422503
2.25392672519155
4.50836620567748
4.14057615679076
4.05392115674313
2.2186655543011
1.70576090708875
2.62368251366685
1.20187663486598
1.55425253475817
1.04947221028446
1.94878509175942
0
3.35484189181305
2.11206611470482
0.808613059999325
2.00593372064322
1.0092296018607
3.31352610968465
4.87571083623197
3.05709965428025
3.36319234260902
3.4813240338286
0.242199735119165
0.391588110201028
0.15644579398744
3.02223336474688
0.978956015204514
4.30145563784118
4.86286721021191
2.99372020631275
2.35578265876003
3.07775152850078
2.74807444709446
0
3.17051123685444
1.27848780011548
1.57326555039407
0.623600358320507
2.47274975004451
2.55210437549269
2.58380057742606
1.1288025813529
0.210151324788124
3.0842512476822
4.25238459688492
3.2210629271914
2.3663681012588
3.67417338442939
2.7586129536678
2.32771245661844
2.69626378219492
3.39196159789507
2.57993487323205
4.59402622153846
0.262472980266248
1.48729052054025
3.54222117325566
0.861100368480512
1.33074828755255
3.03584837793267
4.23759255458325
1.70609420430882
4.25396703399577
3.45127014192176
2.15762255166193
0.510217678857799
3.85006940078651
1.0519673892246
1.0519673892246
2.14786387231114
0.31901989974074
3.47679605289345
3.44327924864769
3.32703158820314
3.15055386578933
3.31657502437028
2.73482617113838
3.47533543880068
2.89591604017212
2.36240940580764
2.65449973987652
2.58875597432075
4.40707738743295
2.88028681836868
3.31183806624005
3.39818787991445
0
1.37386234896917
2.73325754434716
2.60141015264445
0.657928965210307
2.24503259458599
1.86462578517625
0.277984350192215
3.6578060803008
2.06497375911414
1.8921140147364
4.59594832190922
2.89685211555115
0.276733440548443
3.20964718173724
3.82800754535538
3.16245456407658
0.212908238344425
3.34280995314575
3.39805317086989
4.28375104743492
0.671191456434547
1.68023775558787
4.05205828134406
3.13330973433035
0
0
4.37405754120972
3.97458228719776
0.566688273245095
4.54614769837811
3.64367075739356
0.40452252217488
2.38281964046748
1.91742265763295
1.21408496154093
3.16596107206116
1.9791578671069
3.46074195345382
0
3.05626630449624
1.88823984029706
1.28896009065869
3.91811238296677
1.21692774436497
3.75868563798337
2.83680520513783
4.21487296340831
4.32156775271618
4.17820813570354
3.41104790459263
3.45596418193381
3.83141021548355
0
3.6334870869065
3.89816143096864
3.90397077555896
4.1161211952621
0.212908238344425
3.12423241703508
2.44393020218468
3.15345879132205
2.51654641518801
0.655081407066845
0
0
0
0
0
0
0.872015827104538
1.73808104144475
1.79705177961877
2.45682219796555
2.15667652164274
2.56371803284841
2.07666683624642
2.8773304524254
1.43695194487879
2.67300395418247
3.70234283078607
2.82024722153671
3.86594505157244
2.74274559765518
2.3176086341536
1.095732775436
2.4000265879789
1.16296984894894
2.36121089647314
2.34627976877175
0.640217078959348
2.36465381799302
2.2257226798938
0.0927803460215465
0.856301567768202
1.93181044489022
2.8912530716356
3.90048691833976
1.21864737553022
2.14098209926285
1.25705987785963
3.25548223258538
1.98681570460215
1.10578320575702
2.09174113933977
1.83310808683084
2.29214903584659
2.64423030007417
2.2015305406014
4.29955659927266
1.64195685149233
1.88690973730426
2.34669224840208
3.25284819866375
1.83900188392509
2.65409681790629
3.57461551869508
2.4356073475781
3.75519287093012
1.32356461019925
2.32478200141596
2.81903595408281
1.05855199286137
2.48088103244022
1.58503735567685
4.57846416659863
1.91772349885808
3.74991598031716
3.94828438465166
3.26938505727416
1.85734781904072
1.21143873897967
2.55136062800411
2.25373891826457
2.55754261209774
1.72618660317337
0.938499283111931
2.78815356549792
0.952787218461907
2.03970946678734
2.6353548688939
2.08875269156458
2.31819388832385
2.60871173229346
2.6580767490334
2.45495344951547
1.92756448977529
2.2756047714628
1.36660750648763
3.9477426518198
2.6721480587658
1.26052464962628
0.048949220901437
2.53244778832168
3.05710853338461
2.77238308566747
2.97610674081636
1.59138271604982
2.94341414507007
2.47688057560775
2.72886384028149
3.70131830617923
0.827076913397556
2.70501920602561
2.68912168475503
3.01904006017748
1.38608822483809
2.95435602105183
2.7973573573431
2.92675614233972
2.48207851648703
1.92800134019508
2.79385390821594
3.94219182001158
2.64177831827452
2.09012974359047
3.40900804922114
2.7146341898686
1.43921033999793
2.83046601646542
1.73644202010665
2.4444775431605
2.92484768326074
3.00005528599923
0.0762274247827383
3.00050597058062
3.3727793003477
3.10855977275551
3.1244113107296
3.24254618243194
2.91741263797947
1.68601911059227
0.53383777660538
4.1161211952621
1.2664106977402
1.27164615597021
0.617802081293152
1.09016232039528
4.13752801077788
0.818389466627097
2.26774719567268
3.48514091375302
4.00600714614112
0.452513667137035
0
2.82779716617503
0.724806786434879
0.706525372771863
2.03244400494337
1.67064691096158
2.61464969272475
0.00325657286171966
4.32902943360653
2.20094351306142
2.20047199493503
4.42842521001839
4.05350378542052
0.00137744255726193
0.728402186690649
1.55093988133174
3.31642232555327
2.06648899297431
0.00820495356392326
3.27849143157584
2.93409031091487
3.44805008399751
2.92487241602067
0.892260314211153
1.82987572790685
0
4.68232552771351
1.32893643985556
0.675833555200663
1.67674422762029
2.48736328828867
2.97762280682763
2.25951986712555
2.0957770566199
0.230438889550986
1.16415793413388
0.823301593334062
2.59043941022402
1.3248803543555
3.1912640547897
3.61886823345383
2.7122282537044
0.280381047927926
2.01612997758109
1.28597363570193
2.27029587800241
4.0395470793475
0.169196619156534
1.92019363658003
0.53383777660538
1.59937399785126
1.65814357312109
4.1161211952621
1.63075659371041
2.2977776979716
1.3319398583608
2.83861117079403
2.60614865241146
4.4536867777847
2.63371648561924
3.26556739807116
4.86286721021191
2.69564819107959
0
2.71886234422688
4.04816015500691
3.89905019702301
3.39328578069662
3.49990506545158
1.75734433758137
0.306933123906907
1.23794718806137
3.26865344781377
0.25633942968668
4.63612405987956
0.720678721044786
1.28403000479384
1.53307623663674
0.610615897770162
4.57858858014327
2.50474820582786
2.74794950137338
4.10792750040884
3.44040897411335
3.53141792261593
3.67294918744117
3.62183704964079
4.00143848855672
4.0464227425481
3.51501711489715
3.54329031416832
3.54383502296632
3.81456887629845
3.99854757182911
0.0714305224337654
4.36963282492428
3.31863048416251
0
0.526393211037094
4.61656483845935
3.61140521880534
0.299951562946795
3.30878566220726
3.33890082349367
3.04828960553882
4.02459227305997
3.90436288155083
3.93112103192736
4.00162753348239
3.53614493970665
3.45831622404243
3.44198000762388
2.74017594419088
2.56075880010271
2.73872447687951
1.86982079395898
0.156074396625077
3.11504905823924
3.69972936665848
3.71780905072665
4.70156366250179
1.02764189164435
0.241338166548672
3.0603806155452
2.78842460021767
3.36020019579015
3.57211406940487
3.91806239150957
4.82524366796899
0.340249065858728
3.51922135810169
2.32875346144805
1.99708712775546
3.72916671617287
3.08137036103832
3.41957270660875
3.21153783074232
4.19499749821545
3.22393463229708
2.40647802679134
0.124734242917665
3.13123388491386
2.69195097810235
3.41250417160216
0
4.09731198326622
3.56384803121092
4.32851236293143
2.33289347323943
3.7473508030496
2.43245778091152
2.54712032451992
0.253514299076573
3.19566888248826
4.23538311351935
3.52212400978589
3.82916065576036
4.33199431553301
1.41560858755992
3.12559509339883
3.14700378297735
0
3.61967225239812
3.93623281422499
3.4621031002173
3.53291229242089
3.69070002004436
2.20782363864299
3.7527248155067
0
2.43776960522007
3.2775135160408
0.67296268318351
2.15179554963268
0.429859007639036
2.93606526337244
2.39972199648586
3.64021501035305
3.47610878629689
4.1161211952621
2.72059485088307
2.62536554035313
2.99609459141534
2.40396599258803
2.72754870230384
1.32500710023513
3.11965083665375
1.40472121413194
1.90843202075658
2.63726532340828
2.85373078521027
2.85210848262625
2.55866238019742
2.82392689430045
3.62540348127632
2.67668749540802
2.44606264261559
2.78979967416672
4.33162105565077
3.28743304550114
3.18690599628899
4.30520512017466
2.50638907423542
2.39387921433915
4.05954678757349
4.42388143600129
2.35626212860539
1.91419508093684
1.85266270184591
2.89465774251225
2.93956986045049
3.20248786426452
3.53602071023048
3.34994019223057
4.18550866923907
2.83177823463359
2.89969116220686
2.63867959062482
1.79272171923075
2.16225153254149
1.82338768661248
2.60662875817057
4.35517632791338
2.98098399063541
1.63871588390469
1.79655296592855
0
3.9772328554299
1.74790117136877
2.18969499938886
2.50608512942736
1.41453277245893
2.0544398886526
2.13916090221808
3.08849395233889
1.27998990774639
3.18206087103245
0.572427777751155
3.6683576308965
2.02199261386433
2.44692750513649
0.827475433190997
3.1673028932713
1.04221983065552
2.89340304344975
1.78280190488059
0.591024183081688
1.14790902578236
3.67549374418455
0.591941592687876
0.057590889340028
2.36486209600244
2.92463309640782
0.61241270895542
0.121619749256738
3.85149894997946
2.01930454615123
3.34708163806823
3.41965422871159
3.82588981247809
3.20229987039454
3.35427198803151
3.45056065001535
3.35427198803151
2.09955476949264
3.85056747342366
4.25539362629935
3.52138023749436
3.8451592437005
0.960531672992174
1.10733114231263
0.991162699661716
3.23775585136155
3.34943671514053
3.56051276116749
2.95641907161223
3.54140657608611
3.69622890197745
3.57070658864188
2.96352399503607
3.54073662508413
2.65163588960092
3.74284129328802
2.576696343076
3.27957836855668
2.48441114382864
2.00232953704348
1.8754144514486
3.54073662508413
1.43052860372242
2.89345838883635
3.56068149559313
1.59430890305892
3.08146501090105
2.39472812318716
4.56162432448539
3.17597118057626
2.06707416413528
3.16563877694841
3.02280292201892
4.05542529178984
4.1400598105683
4.0459738649601
0.395943952043713
3.90120417146494
4.09625513377846
3.4651710820056
3.79017131089619
2.79186314646566
3.17858310274775
3.54268552407438
4.15716252070017
2.91855944937453
3.10056253395774
3.10056253395774
3.24276040347408
4.04481281355252
3.55795880775001
4.18858321079983
3.248249644019
3.12080279174841
0
3.20790266875549
3.55277847811208
1.86963562098144
0.736038160876135
1.79673596960988
2.27252159840213
3.47949361457306
2.30708250987031
2.64330949040406
1.59188281058204
3.50154291688493
2.78251905224128
2.437805424472
3.33086992556648
3.15295580452686
3.61428546036445
3.4463704141412
3.05407994884443
2.34814783720754
3.207346418268
0.460772860752888
3.4913869624248
4.04923760169451
0
3.56565049602865
4.1161211952621
2.81583325228857
2.64853731131308
4.15510508626887
3.44093602018015
1.43018355195898
1.72955483339411
2.6322737946744
0
4.09028371877646
2.45400487459226
1.68824337018011
4.09830932514068
1.36931486840534
3.60865152708597
1.15559015800758
0.207208433401319
0.336199220910828
3.01804039257914
1.64902921944161
0.746700571599688
2.43748424371133
3.0301204728272
2.19704895904862
0.159047868588712
4.70560840946956
3.84399360375206
4.1905505235719
0.221096655922096
3.26902667791365
2.49467988396277
3.0450874080798
1.36300624301698
3.76919688416649
2.22800009758058
3.26746161968922
1.49249183390914
1.02155744550013
2.35123414166533
2.41053862656436
3.63353524539957
2.2821133690643
2.68308317845933
0.374377145909543
0.928609557379252
4.74789995512949
2.88397751897266
2.63557852323694
1.66251990851645
0.636506535536952
2.69012465070018
1.85268044442174
3.66217961093495
3.81165144824673
0.780426198397239
2.50146814166894
2.68841041650269
2.22285825587766
4.80641152004299
2.06840111655742
2.63527321547324
0.836421479929265
4.806923867321
1.58398094165991
1.41967992108653
2.14064451388147
2.71329590405961
2.26426571843389
4.05714376766308
2.1224823632708
3.83658619650639
3.64399167122661
1.53023302187683
4.063895040521
3.37358356742129
1.0806908705936
1.89397096979761
1.83074459543456
0
0.119077056115588
1.31813304376796
2.71750265988582
2.35613479222067
2.56240086263412
3.04023912437887
3.896070128113
0.194261246930102
0.045467492944218
4.04315396334942
1.49609566381226
0.786919571547109
2.98286437752241
3.3536800991537
0.569731763599628
4.32902943360653
2.63487419951717
1.8538346739501
0.889486146749151
3.44626149631129
4.07491992238221
2.79213206396951
3.43163128466371
4.1161211952621
3.82340338175948
0.0209645808753501
3.98739597360532
1.83825374562954
4.29275594094841
2.49188937122668
2.38494203441237
0.26691888830269
2.79530149969858
4.33590090837522
0.820911594349534
0.901725912887726
0.0200620737188094
0.879935416179332
1.22322398936554
2.47451574931127
2.62727097198466
1.18107624709102
0.646574142386066
3.3360417833508
0.813931178059227
0.957314575802732
3.72152948138836
1.97814906390306
1.95095079882831
1.66661637994654
2.34747618214134
2.47253174429505
0.596257200531395
3.85255121543391
0.481262037196264
1.51374119405565
0.510462303276227
2.24277888310963
2.7941407794514
4.03653327147702
3.5303595670692
2.96664542385366
2.64408970367147
2.5187296093373
2.69507800515333
2.62654487267764
1.72199291099619
3.31812969643342
4.1161211952621
1.800720698493
4.11566458690628
1.61836777578075
2.84297995321887
0
2.6189964477213
2.04564806118809
2.44211607082692
2.4545022080378
3.24370741508827
1.96440203001095
4.62810095378033
0.394787168350805
0.262249730295051
4.83389767387422
4.20579217553227
3.37423370365745
2.25563274688041
0.295190883686744
2.88758413903045
3.66497356780179
1.89147788453154
1.91497294731316
0.0258626475897327
1.82390976426037
3.56819898515851
0.0716787865017995
0.0171570060296929
3.28168740524509
2.54251988996625
3.56516573346518
2.97338752028373
1.37527928444494
2.95703544399895
3.86045156694783
2.1843641460999
3.08954460026164
1.47734016951202
3.38805158811432
2.54251988996625
3.89533934480447
3.6693108887015
3.92814090508748
2.29251552119025
0.294514410768297
2.35967334140065
3.72289862336498
2.32334119143296
3.63650764976133
1.6891759687694
2.26123933767522
4.14761289619469
3.64857335071911
2.29699753492916
2.51330592747733
2.38892764823563
2.50265717178035
0.466366896312385
3.53821196276536
3.5466777110313
2.90615506216994
1.80809587403822
3.07873131521518
0.438547883153835
0.360217508900732
2.21944556445707
1.37674484463269
4.74227865141006
0.38232235351134
1.65123629128943
4.09971631953304
1.18042180792724
0.60741829871318
2.35542246461133
2.1411766549588
0.159763960285779
2.72760175817299
1.0982075649268
2.72937072695974
4.00572230718902
3.69522399289698
3.69627550981838
1.73786817037429
0
2.93948791413342
4.20141247642908
2.98355185518657
2.58854170480402
1.63974858706153
2.46739726654099
3.72765911372938
3.40798860003707
0.893829918077793
1.75926440559117
2.98171064965291
3.32193294448661
1.51955496875917
0.543939268438619
3.20466293392012
4.03169683939772
0.240324271964509
0.165498851455934
3.00836725130295
4.40727510106382
1.93919621384588
0
4.13888381716158
1.87833804718336
2.47610180379208
2.75248433818846
4.64995897186748
2.58950221069057
2.52004597531719
1.88255649642625
2.8032208916263
2.08020308946266
2.52679757513603
4.12663654095687
2.4781398234415
1.92263278477423
2.12256672900839
2.4550292768711
1.41610902468205
2.65013616118342
3.422394225278
1.70754320033651
3.46027337716234
1.54409119930095
2.68302527767576
2.80378274163232
2.0889226770137
2.58474490334478
4.08471000287156
3.56955728121032
0.616568908221258
2.21462124083687
1.31298736020081
2.63330866893599
2.3850716567056
2.76988398971487
2.98713378707804
2.03473892213769
2.18563476876629
3.05417863312838
2.47854235831857
2.25125114280674
0.961702340376284
2.02925120615921
1.97577061477566
1.55787486323032
1.55787486323032
1.53122165710695
3.957570803975
1.62897933215703
1.52178239528247
2.03996824996515
3.66700357023896
2.86902203703252
2.845793794655
2.53679704140188
1.733434229039
2.52536134675075
3.27671390910382
1.7522755679669
2.71949140904464
3.65870862708733
3.0933082851211
3.29575235954016
2.72384129815733
1.25949717998941
3.61698638440308
2.67257309528734
0.892266274348757
2.26219187349595
0.973172982509548
2.29246988003109
1.68788254770634
1.11242132743982
1.84729007082218
1.09118525262654
2.85348985084467
3.01528004596223
1.92925273000936
1.17726738034943
2.2501640570332
1.97024802771721
2.1983281145668
2.0708866367011
2.85199670920401
2.97765164819663
1.99590142327286
2.67521480332563
2.23654824895007
2.24797232033882
2.23166420611606
3.57491146492365
3.04268722994829
3.81979456144611
3.58433467931955
3.68518337102023
3.67497446446216
3.96188366559657
3.4938157204197
3.78739190305885
2.32435940093626
1.73808098456416
3.15738210970819
3.36759313880168
3.17050686817461
3.05046163671759
1.07291918694178
1.40128523523151
2.313682761083
2.58468410413717
3.17162485934699
3.37858795737899
2.53456971319586
2.82984149656732
0.802237375762435
1.3071327750123
1.41876943529766
3.15495685559507
0
3.20220550896989
1.95887341748431
1.27453688493218
1.721530241358
0.395862283908656
2.10610234016367
0
1.50646011059238
3.90203673997259
4.66644023097311
2.67746489497813
3.67967458979701
3.1204041679166
3.53642697240257
2.97526553733075
2.06935197897932
3.64163495800491
3.79696514346065
4.75725365276468
2.81499409675771
0.122113306291466
2.96044702103719
4.0954377437937
4.0162374302807
3.1649203193152
1.87603774809769
1.21060830385404
1.24757785914678
