2.14470063
2.35779830
0.86035220
2.53641333
1.73735372
3.00064445
0.68033884
-0.20709527
1.16548244
2.21251887
2.08860627
3.19604486
-0.23865940
-0.19079117
0.85210297
1.74647940
1.15896904
1.54527204
-0.07168543
0.76428108
1.76469706
0.72448345
2.61472197
2.06165260
3.81827365
0.74251763
1.98391964
0.56741028
2.81410322
1.57946633
0.84325327
1.04733782
2.12145946
3.80043495
3.18152485
1.19348895
1.09760015
1.13283013
2.48485044
3.41897135
0.49680054
2.63949248
3.61709307
1.64369634
2.30127204
2.04795404
2.05060229
0.42623310
3.02107890
3.12353416
2.31271787
2.57097637
2.99120526
2.66679013
0.63886273
0.39492333
2.71193432
2.53987059
2.72029150
3.54226466
3.64459107
3.47899634
3.43426898
2.37074755
1.83197269
0.45571518
4.02737020
2.69788043
1.84015187
3.09232990
3.01700772
0.66863075
3.08655361
0.45505904
2.17384625
2.25478521
-0.34318129
3.01348361
2.05205867
1.19008038
0.63592709
0.85038722
0.12969765
1.79448666
1.80669406
2.09570596
2.08553210
3.41992257
1.59619132
2.90359456
2.69040327
3.21902535
3.05972043
3.48531037
3.21167690
2.28876693
0.22488681
1.38250068
3.21466249
3.26987430
2.91465988
2.33064709
2.21636715
2.22363307
3.30043037
2.04461263
2.83138972
3.11294020
3.81841380
2.80207940
2.02460736
1.70125363
2.42412003
2.85579894
1.34267346
3.40060710
3.18408189
0.10143007
2.59669146
2.88597977
3.16587640
1.53936475
2.51026962
0.71932546
2.83065066
2.85823875
0.02033826
1.06683868
2.73878156
-0.54313285
1.67055608
0.77340159
2.56380928
2.77490154
3.29328891
0.10833831
-0.21284256
1.51003676
3.45113988
3.97503563
2.25460196
2.50935231
0.41930549
-0.29435058
2.13364051
3.31632212
-0.07383112
-0.59317161
-1.06740646
1.07863962
-1.01209510
2.19392589
1.13438312
3.28064105
1.37052015
2.32687165
1.93604837
2.15069262
1.02149038
2.22718662
1.46856029
0.65873092
1.79790684
2.40728310
2.83397628
1.95506484
3.13597073
1.94904242
2.58300565
3.29960575
2.12755847
1.03158530
3.04315275
1.76747708
2.65589483
0.57707870
2.97223245
2.93639039
3.56374357
1.45486169
-0.73057917
3.09365695
2.81407624
0.35441707
0.48186208
1.76516265
1.96348011
1.39555846
0.27049674
1.95434004
3.68059097
1.65316419
2.35420412
-0.01215461
2.67879440
-0.44367306
-0.28703502
0.72322020
0.66343315
1.77052530
1.61545802
0.57118045
2.16798623
-0.15359595
4.20476400
-0.51607746
2.37062810
1.22698067
1.85566221
-0.27683131
3.32888772
1.12376121
-0.34433320
3.72968638
3.08437480
0.43666015
2.14300217
0.23617656
3.06070367
0.73494375
2.28503834
3.38099689
3.58563582
4.54324418
-0.65226976
0.79702550
2.55933466
2.77684658
1.03613333
1.94470843
3.37000620
-0.33214918
2.22324880
1.86693109
3.16181295
0.22846021
0.25809624
1.80388284
0.20568407
-0.38189208
-0.16571639
0.67275907
4.58262523
2.02810664
3.68426699
0.83883693
0.15406780
3.71619285
2.21604437
2.75503336
-0.37612111
2.26403868
1.94410420
2.17053990
0.24525470
0.71139994
0.18867063
2.69910336
1.66569810
2.83328965
1.54160972
2.86632651
1.86584271
1.79458160
1.90280044
-0.33929045
0.63324185
2.00390327
3.54750011
1.44174018
2.46889213
2.03961257
1.23750480
0.00132242
2.68540658
1.10601212
1.37469300
2.32240161
-0.05237376
2.75784292
2.13078127
3.02353700
2.22046855
0.61680473
0.30661316
3.85748129
0.96400334
3.65756174
1.20176702
3.00946176
2.71805419
3.23653257
1.83661258
4.37129068
0.10054498
4.85533770
2.61645713
0.16149910
-0.28937509
0.36686756
0.22437342
0.20842497
0.09052858
2.08138862
2.00750268
3.83305037
2.43015107
-0.75522345
4.75406476
1.11206636
2.79128657
-0.67985935
0.85372841
3.81026812
2.94706649
2.98274786
4.32484238
-0.56045477
1.83812977
1.35103002
0.90615252
1.50145980
2.08632869
1.66291388
3.29574323
3.00872320
3.89475968
3.14339713
3.40066171
1.19403517
0.09186646
0.05875968
1.76910883
2.91826248
2.67081975
2.07770992
-0.14421231
-0.30900330
1.99301902
2.02598233
4.29152888
-1.17752711
0.72351008
2.86009399
-0.41749212
2.74033525
2.76795194
-0.12815918
3.34628889
2.51500224
-0.37930882
1.04084521
1.51354905
3.34082930
1.24167137
3.12403986
2.78223763
-0.61054625
2.73298987
-0.29269659
3.08822366
1.81493994
1.72387603
3.28932102
-0.03534648
3.36659563
1.84140736
1.29969939
3.64634996
1.30698768
-0.11250175
-0.02768835
1.32408771
1.22231969
-0.29682108
2.22503184
1.96233042
1.20886402
2.64162275
2.32536953
0.84760327
2.99879404
4.01757122
2.93950754
3.05729001
1.99246524
0.13202355
2.52207359
0.27978574
1.70454053
1.41680862
2.53485274
1.20415450
0.99445631
0.61996982
0.16402454
0.66452984
0.53627125
2.31668448
2.20106483
0.88867875
2.30060126
2.70740007
0.88579959
2.37717989
1.81741943
2.47384087
2.99051084
0.22850125
1.52470679
0.91629366
-0.33258310
2.43779541
1.93147261
2.62511428
1.27765363
2.18422831
1.31067321
1.51665967
2.52642965
2.09659142
2.78567929
2.03039870
2.11882175
-0.39554120
-0.58731506
2.30814885
2.86140500
-0.31636008
1.69897683
2.12656091
2.12000712
2.40921511
0.76068626
2.70396638
1.34519802
2.11060956
1.86491603
1.57572479
2.22806184
2.21676754
0.76667663
1.99288939
2.89925747
2.30078044
1.37488703
2.31683370
0.69747361
2.17721625
2.28761703
1.58112216
3.03416566
2.20763303
1.75281530
1.28809789
0.62814062
-0.05822575
1.67911528
0.79401272
1.69822949
1.09056652
1.36248942
1.99527219
3.42381749
1.50901929
1.00388701
1.72690749
0.46013473
1.96306890
0.53415807
1.57616105
2.94384028
1.58261300
0.74163566
2.50380648
0.90802895
1.84173239
1.57205039
1.73439295
2.02340602
3.31290571
-0.51444023
1.84997154
0.43829739
3.04667002
2.39905308
0.87363911
3.08586268
0.40723055
3.44190260
2.68390712
3.10606008
1.19873446
-0.21219457
0.17012092
0.02096228
0.70069450
1.32592296
-0.19880729
0.19420685
-0.51369291
1.44002322
-0.53685637
-0.34500001
0.05560986
4.51989485
0.05117179
0.50073991
0.80152449
0.19782158
0.33604236
2.12229867
1.68224567
2.03519559
2.24372792
0.52436358
0.89715579
1.16919466
1.42293251
-0.86826133
3.02546705
2.96352762
3.43123908
2.05349589
0.60230904
0.57092732
0.53757323
2.05349689
3.66291567
2.23620781
2.30608519
3.13470479
2.19735469
2.04402647
3.59338297
3.00391245
3.00729829
0.27856268
2.82666902
1.95027357
3.65145714
1.26575659
2.26041111
-0.46606606
1.33028112
2.54971775
2.63385063
3.49958618
1.23139431
2.66464794
1.56489532
0.24600498
2.20035260
0.06552921
2.47927563
3.04522661
0.40530818
0.34268763
1.26900209
2.08123515
0.94793106
1.01580543
-0.61780712
0.48531048
0.92905530
2.02054921
0.44942919
3.27839241
0.46516860
-1.01347524
-0.42133354
0.29975884
-0.88513995
0.57693963
3.61957214
1.39433897
0.78470893
0.54357625
-0.90262729
1.41217274
0.23983616
2.65821934
-0.17491686
0.07455780
1.44740636
-1.25287482
3.16873589
0.92449235
3.95537929
2.18893440
2.61003347
2.24079117
0.86627512
0.33479189
0.38267608
1.60411527
2.50673947
2.20769306
2.96789996
2.36461179
0.85529752
-0.75181730
-0.22251554
1.57450841
2.90066761
2.24675695
2.36143809
2.07932417
1.82085963
2.12275255
2.62313711
1.40714884
2.14072394
0.47297018
1.99746830
0.26962376
0.94568082
0.18347228
2.57925455
2.34718713
2.35803402
1.34981852
1.31433145
0.90814068
0.57146058
2.05141484
2.58550369
0.21020001
2.52799429
0.87024521
3.38431128
2.19528282
1.42743726
0.25053704
1.46315680
0.65265127
2.58260905
0.68396892
2.66216338
2.40548023
0.39623224
2.42201408
1.59433476
2.78783139
1.92722728
0.63699279
1.48560346
2.49345373
1.66056672
1.16283138
1.19088493
1.37310754
2.59423426
2.55042445
2.40077005
-0.58867048
3.24850550
1.37197060
1.03722499
2.19312530
2.70657307
2.79494694
2.69107809
2.69012639
1.74118398
0.97848971
3.61708148
2.84434084
3.32829759
0.52858882
0.35126411
3.26117648
4.06982280
3.43368292
0.69178601
-0.04163552
0.06823982
3.79299919
2.44823623
0.99853951
0.63165585
1.32563532
2.51194957
2.22993703
1.80458514
1.35160475
3.41358867
2.07786811
2.10210604
3.19587343
4.27810455
3.06926590
-1.15547704
1.00773111
2.02993688
1.82139277
0.12723159
0.76746976
0.05868881
3.02175892
0.73618601
1.83222916
0.94662853
0.80597457
2.53880472
1.44528195
3.27951695
3.08413074
0.01841207
2.71240137
3.24989557
-0.17107036
1.97558798
2.71649053
2.19691075
2.84925006
0.31237205
2.43387787
3.51948320
-0.31774652
1.13049813
-0.13310939
0.23438906
-0.75464682
-0.55191550
1.23190408
-0.11569592
1.53356370
-0.23246479
1.27586847
0.31868130
2.01117860
0.18082330
0.87552780
-0.18859237
1.52708654
1.96937212
-1.38037267
-0.71950692
1.75675691
-0.63264014
-0.69403176
2.05754310
1.29434922
3.50790558
2.75681821
1.83842280
3.64050790
1.98605856
-1.20323999
-0.45807649
0.47678963
0.00157398
0.69909654
1.83340378
2.10495330
0.48625666
2.26071575
1.80512329
1.38368961
1.42041105
1.20459767
1.27810767
2.80985571
2.18875961
0.54273831
0.19980588
-0.71629674
2.95393086
-0.62889510
0.70499424
1.22366863
0.65782234
-0.07717899
-0.20246287
0.08441764
1.05594514
1.09356833
0.63404575
-0.18046391
1.12178356
3.40580834
3.10593496
-0.05244562
1.72437460
0.96050628
2.34546899
0.84643079
1.37024322
0.62717010
0.22244350
2.35955995
0.53864836
1.04971841
3.37524513
1.62659092
1.96585001
2.54220109
1.09866132
0.27133802
0.53560372
1.88213748
3.47816265
1.63240364
1.93419662
2.07142632
2.98840819
1.97651611
1.74284093
3.16242827
2.65196370
3.81004192
3.88992618
3.32662525
0.83316191
1.25039453
2.10485438
2.45966034
1.06829749
3.02628049
3.63638690
1.65226630
0.39239600
3.30396410
3.52503015
1.46006660
-0.02770872
2.34548960
2.59370783
2.63228952
3.39969735
2.51481061
-0.13289595
0.64862528
0.81323157
3.06701704
3.13244038
2.65590369
2.38455859
0.57873831
0.94103965
0.55410775
2.06640645
1.35633783
0.90386621
2.80467494
1.38778900
0.39136920
1.51072990
1.33864367
1.33165046
1.33165046
1.33283144
1.32893961
1.33514721
1.57278533
1.50957225
-0.80946794
1.32397114
-0.13198052
1.23901444
-0.64910190
1.50415239
2.53112895
-0.79451893
-0.19748574
1.36807542
-0.49179929
1.43890725
2.50148206
0.46706785
2.24693771
1.77848233
2.10560894
2.85190366
3.02995246
1.70903018
3.26969765
0.22001177
1.47876458
2.23845367
0.00369420
2.76457983
2.23093590
1.56909319
1.45930649
1.56962666
1.78417230
2.07516288
1.75941515
2.75855626
1.53998537
0.20249475
1.20265093
1.07210212
1.74730619
2.36646472
3.37734799
-1.02839376
2.39330089
2.19378751
3.21805274
3.29804822
3.32165775
2.94151307
2.95494692
0.92275955
2.95287005
-1.34432780
2.40325199
-0.72014816
2.28790719
0.41953657
2.97358274
0.80902193
0.13173433
2.54465071
1.58295067
0.59640881
2.59417915
3.91129903
3.61306897
-0.20283573
2.31475663
2.61300787
2.32349653
3.84370127
1.66081281
3.13962399
-1.07564756
4.05917808
1.95717240
2.95893986
0.72884318
2.08642562
-0.74003287
1.72651370
1.41604490
2.48803711
1.96779876
3.38304468
4.46574220
3.51374594
0.26915291
3.19323585
-0.58282359
-0.98707281
1.15023871
-0.17849567
1.73338832
3.77637591
3.39355706
3.36448526
2.13260130
1.30966473
2.72656403
1.50768339
2.12977671
2.38379718
3.08053169
3.96870676
3.07449528
2.51982555
3.04739711
0.84500816
-0.05783153
-0.24175554
4.30550546
3.60083412
2.08531528
1.83052060
0.35119386
1.74653213
1.92303446
0.98116612
1.95510399
-0.01495380
-0.10989760
0.64768792
1.24918136
1.31591910
-0.30189420
3.37513012
1.06833350
2.47292376
1.71091668
-0.10949594
1.38603800
4.41306816
0.21848624
-1.37564703
1.12274522
2.64345954
3.31340510
3.04747476
1.84783960
1.19977550
1.13110263
-0.07722406
-0.40322588
-0.01566454
1.01920783
2.50965245
0.66917537
0.37919599
3.29885400
2.35895049
2.76290921
0.00063958
-0.27284983
2.32739903
2.47146923
-0.52007389
-0.61481785
0.32616584
3.34285935
3.02316394
0.61406365
1.91021174
1.50918412
3.38017501
1.53254235
1.92601607
0.75134289
2.60487938
2.48894587
1.87923555
1.29168784
1.12064801
-0.19601944
-0.66655116
2.65725649
1.20574683
2.00834530
1.41880719
2.16239309
3.44916232
2.35896649
0.05745371
3.34102568
1.63971358
3.35322568
2.09932083
1.49623201
0.48861054
2.27758132
4.06664260
1.83875343
3.69918689
1.30019382
2.64755095
1.86111337
0.20724602
0.14216963
2.37566006
1.95707434
2.06654716
0.91659426
1.66234094
1.77035849
0.98393545
0.74712111
-0.07072791
1.46922379
2.75252547
2.61024352
2.50755390
1.56372512
2.58605278
2.02311102
1.27066299
1.82479944
1.06731584
1.98045289
1.68988277
1.29113250
2.58231845
4.35189349
1.48011564
1.31984615
0.56866720
1.22447335
4.56215270
0.98850346
-0.70017018
3.54734143
0.16093130
4.14970813
1.61375840
2.31790325
-0.28566671
1.51240152
3.79662444
-0.59543873
-0.16486798
2.32318741
3.35800222
-0.55214342
2.21261222
3.06015518
2.93632863
0.80284981
1.46873527
2.78784222
-0.03629849
1.26094031
1.40452022
-0.77552498
-0.06766564
2.13003176
-0.66803431
1.86754501
-0.66663594
3.28718896
1.09786572
2.92536351
-0.44998967
0.99765476
2.09302242
1.05370850
0.26202767
1.66039872
-0.16329092
1.71057652
3.19173352
-0.17851736
1.87175245
2.02517818
2.91295165
-0.90318143
2.89696737
2.79079591
1.77629251
3.37693437
5.64692237
2.05579740
3.16679925
2.37382418
-0.34920846
1.31740859
1.67813576
1.63752324
-0.72451630
0.21379203
1.18633075
0.96755738
2.51549061
2.39364311
3.01387239
2.23689782
2.31881061
2.21691113
1.99133834
2.76225988
2.97815782
-0.79828758
1.73423661
0.22059811
3.09597072
-0.24744482
2.55780968
0.85947386
2.86159171
2.20141438
2.71260461
0.28039322
2.60309725
3.77569581
1.23191588
2.89340515
0.00023508
1.37741006
1.33865374
1.22942452
2.20881869
2.75087198
3.24857140
2.93323178
0.52039563
3.58120613
2.25341507
-0.05825358
1.81168675
-0.04321676
2.94746274
1.75502202
0.32505441
1.56661752
2.38211038
3.07605880
2.39548104
1.92456790
1.98976486
0.92692076
4.09562958
3.82932629
1.16389264
1.59995833
0.74568773
0.60653128
-0.77539148
2.49205230
2.00079833
2.62964400
1.91956810
3.43795203
3.01697465
3.19281919
1.84126671
-1.23477693
0.35255632
2.55873762
2.71287443
3.56003140
2.71634774
2.32598106
2.50905876
1.93625168
3.23103803
3.15966494
2.07677097
0.10829582
2.22099547
1.93740312
2.04456069
2.09520072
-0.03781477
3.04189226
3.10283219
0.03853978
3.35285426
3.36430561
2.17278480
2.46025731
3.20206204
1.09806669
1.66184783
2.12263749
2.11523624
3.45126005
-0.19441837
2.94833871
2.18276695
4.48847690
2.55127757
3.46803394
1.48590468
3.02313308
1.30466026
1.45199008
2.00078361
3.55124759
2.57813572
0.70581644
1.02579011
0.48221071
1.88858395
2.42706587
3.30765163
2.26000993
2.57138794
3.16633181
2.11267705
2.77846302
-0.01572337
0.30027260
0.31964824
0.86504106
1.18143757
1.89561851
1.23149645
2.57637544
2.17645751
2.64167645
1.21060315
1.18515225
1.42141606
2.38425304
3.17466918
2.79430147
2.12734021
0.15403253
2.74887598
1.70616091
2.84540457
1.74986974
2.82489713
2.71586428
2.08336568
-0.05583903
1.24927121
3.03051437
0.78042877
1.20026266
1.44034110
1.75229271
2.81563841
2.59288287
2.86667641
3.22761976
3.07235327
2.65769979
3.62330891
1.67256507
1.51115693
3.56572931
2.35778223
3.44727122
2.34525590
2.02060418
0.51524091
3.54648948
1.53545418
-0.83417707
2.58653060
1.06077383
-0.67521619
4.51551768
3.21859892
1.77122187
2.10528997
-0.33993995
0.70250277
1.11539548
1.54772905
-1.19172902
-0.10041017
-0.01381903
-0.36846836
-0.45958168
0.07836464
-0.55424467
1.11303904
0.31350638
-1.03538700
3.21908792
3.44618898
-0.92457375
2.23157246
3.80642240
1.04990070
3.24409695
1.43676335
1.50268837
-0.60917740
0.71656434
0.73637367
-0.19563774
3.04735426
2.92657989
3.62195222
2.63932441
1.93645209
1.85677882
4.16240962
4.22452588
2.73143426
2.94422400
4.05501542
2.30212757
0.52844587
-1.13245033
-0.13144739
1.20538562
-0.32046292
-0.34030924
-0.25731193
-0.00340622
-0.40317790
0.33729344
2.29019890
2.86722202
3.18635605
3.13461519
2.52450827
3.36442336
2.86420492
2.56917391
2.54384520
2.56170823
2.91286173
0.55174116
2.05590076
-0.57463638
-0.89941304
2.23070650
1.44173620
2.08085078
3.98347066
1.87573514
2.17908023
2.75120592
0.09586934
0.78757980
1.23002836
1.92549104
0.49805112
0.18916599
0.69501435
1.45269232
-1.22324920
2.26856302
1.41571614
3.78406827
0.69870582
1.25657774
2.75011047
0.07593908
3.00761552
3.16689648
2.77848348
0.50260217
2.10833325
3.77894933
2.63233103
2.54525518
3.82548488
2.62444229
3.34217820
3.59062459
3.08976528
3.65547189
3.11400369
3.22212439
3.49278079
-0.75682003
3.87505170
2.50892907
3.96317535
1.20781233
1.20780814
0.44330293
0.58345363
1.40867196
1.09860115
0.12693922
2.83558834
0.88933197
3.01332791
-0.83465621
4.12486950
0.27573404
-0.26956068
1.96646565
2.87957242
2.58881796
2.41562726
2.42861412
2.11377984
1.00499821
0.79967983
0.39073145
2.44064938
2.86553641
2.31423866
1.15407022
2.38554754
1.64397765
0.02487450
0.85596496
2.34462806
3.00985206
1.14904261
2.69334578
1.34500508
3.17564933
1.57375088
3.15600061
0.78088087
0.07424607
2.23348252
2.89359614
3.56281517
2.62846931
2.88874199
3.43280954
3.46844077
1.68634228
3.08864706
3.42713766
3.03869780
3.14514271
3.71166650
2.75933076
2.52865061
3.30590642
3.05061788
2.35916496
2.27563627
2.00720844
2.61750243
1.75097644
2.26928348
2.35840815
2.38200313
2.31157464
2.07299925
2.73755852
1.79569658
-0.10416941
2.81765602
2.04743778
2.02067888
2.22701814
2.50326959
-0.24648973
1.91568586
1.94347368
0.71732220
2.04874587
0.58780384
1.68335593
2.38815188
0.81064228
2.78621067
2.49043593
1.62175109
2.18570559
3.87839565
3.26880438
2.25872157
2.89326738
3.06477959
2.56002966
2.64174318
-0.14746440
1.91946856
2.28439969
3.17050221
1.78561434
2.63934140
2.41075359
0.87248144
-0.13003996
0.02315105
1.12474794
-0.44395737
-0.04486578
1.21053332
1.06828119
-0.54015933
1.49503819
2.09875428
1.23230436
1.42733183
-0.31164365
0.52440201
1.62334124
1.88245323
1.29785344
2.66683404
2.09625338
3.25352552
2.25162165
-1.01442359
3.49187483
-0.41233766
2.65790916
3.41274703
0.64326359
2.86407808
0.00644304
1.68614663
1.26007243
1.34307852
2.18193867
2.62406460
2.93167465
1.51637133
1.18999666
2.40395734
-0.12324365
2.96170215
3.42665185
1.48727104
1.57735415
3.27459075
3.84813355
4.26310021
0.90716079
1.80418692
2.75882157
1.52126999
3.26350484
2.73084385
2.71524618
1.26322325
4.69170016
-1.16191728
-0.08227419
0.54000604
1.28013396
1.00608897
1.94340271
1.59575709
1.98930212
1.17304507
3.12619864
-0.78375772
1.77750130
1.71337243
0.38586921
1.50921202
1.53904782
0.54797268
1.59112381
1.73820368
-0.32205665
1.43843806
0.56529956
2.95629669
0.19776548
0.93693028
-1.18614382
1.88165132
1.84602097
0.26140894
0.71617447
0.11970407
-0.00184302
-0.00184302
3.93572756
1.63902252
1.65087742
2.64438668
2.04914878
2.01324410
1.36076690
2.24087187
1.78110139
2.22356248
2.80536121
3.49862794
1.68105596
3.11744962
-0.92118531
0.57160687
0.51074863
1.26856132
4.35785363
2.85623199
1.46841372
-0.19676563
2.17264893
0.24457067
-0.24573817
0.66167168
-0.30413215
2.12142369
1.21259298
1.33385784
0.87763736
-0.07353101
0.47820170
4.11444869
0.32309203
0.64844482
0.48737172
0.68356701
0.10839094
0.11633456
3.08515141
-0.39971135
3.85602674
1.86094548
-0.00501596
0.13964531
3.14367984
-0.05399596
2.09581471
0.00456858
0.24450932
0.02904186
3.42238744
0.13005396
0.59289569
-0.00142036
1.85179003
2.36929167
2.00404815
0.87451921
3.40424311
0.85204110
0.05568028
0.40421505
2.15934329
2.06467345
1.50783011
2.21209648
0.61364013
0.09052003
2.64319940
1.26906250
2.41082233
1.86420067
1.28439425
0.16558148
3.04770639
1.59188458
2.25682126
2.95575192
0.93663176
3.10339363
0.77111230
2.18202633
2.75076588
-0.31059395
-1.06802716
-1.23161397
-0.85608017
1.11596847
-0.76008355
1.31858467
1.72098747
1.85255988
0.04470118
3.26633136
2.85046210
0.20443074
2.28691250
0.27971732
-0.36156147
1.43804263
0.58196825
1.77125466
2.62574685
1.37892802
0.06144489
1.76406070
-0.76254541
-0.64790395
1.30218509
2.72517245
3.37811404
2.05076152
0.33714970
3.40247879
1.18808379
-0.28096931
3.62453570
2.41754394
3.13410666
4.08966786
3.13222585
3.13334320
3.13190391
3.13262959
3.13077649
3.13299752
3.16328534
-0.10291973
3.70082870
0.04836220
2.73618176
2.96320840
0.06611715
3.16183684
1.49270588
1.57012570
3.52870725
2.74481702
-0.26031243
-0.61895120
0.98349368
2.96324251
2.89876208
-0.26900041
0.29277786
2.91030530
0.62350906
3.40959758
2.35446328
2.11312951
3.14636067
3.22521750
2.92748492
2.58967591
2.87359332
1.99001241
1.95244423
2.17673623
3.12374829
2.52942557
-0.08514782
0.72810258
1.07542941
1.79564148
0.85405229
1.26653428
1.75151576
3.01515107
3.08277627
1.86948233
2.18109353
2.90924972
2.55784997
1.79808191
-0.60505752
1.27153401
3.51209373
0.24500498
0.32857309
2.90628447
0.66596927
3.37368741
2.60929639
0.10004033
-0.83761954
3.09870557
3.24216696
1.56299790
3.15642987
2.63848010
1.39103403
1.46666414
0.69789899
1.25312995
-0.73050590
3.76104452
3.87722813
3.77977080
0.99702010
2.67504961
2.54679372
1.24454412
2.92361512
-1.11561403
2.54642470
3.68077308
3.08567790
-0.22670526
1.56322552
2.93956588
3.61288334
3.39481057
1.28769443
0.14642327
1.66009654
2.77605228
3.70056474
3.89659428
1.49490000
4.06339157
3.38621077
2.82563446
2.48347115
1.15897391
-0.02127399
4.03239281
2.11537610
1.80429407
3.85267601
4.22037239
-0.57778720
1.16077372
0.46925808
2.05297456
1.12352737
2.48612544
3.00376925
2.00955566
2.58541927
1.43012871
2.26353322
2.00114593
0.48639834
2.01204787
1.24180939
2.02821734
2.08598286
1.75022449
1.59712560
-1.00554547
0.41184676
1.64314836
1.81874958
3.22970109
-0.00367984
2.56578121
0.42825007
2.74252679
1.05076216
0.57718539
2.25552261
2.56853540
-0.50758884
-0.25160236
1.61746506
3.57481747
-0.13049416
2.18385611
1.81694771
-0.43979582
2.72561724
0.20109513
0.92829072
2.47657026
2.27915913
2.53686122
-0.57819786
2.38690507
-0.23452125
2.69978088
1.54053064
2.22900239
1.93844615
3.58634445
1.84320454
3.17703840
1.58992816
2.50055113
2.87358391
3.29910592
2.46420190
1.09292578
4.82405592
0.11921774
0.11921774
4.24982012
4.63170394
3.37622257
2.98385996
2.97342845
2.19212735
2.14713803
-0.10671749
0.75805287
2.50729774
0.74649418
3.86323783
3.03986148
3.78385490
0.09970429
3.16307259
2.67031874
2.77778591
2.65257790
3.12681886
1.05412343
3.59399114
2.45731683
0.13432377
-0.94643927
2.19596824
0.98742215
0.12814339
2.23165895
2.14938925
3.43732459
3.65375505
3.30231335
2.55918711
2.73115878
2.51869394
2.68053595
1.91160773
2.06732568
0.35424430
-0.40798273
2.18599633
2.21689230
0.19591909
2.53298194
3.73106104
0.95405370
1.66549307
2.04506899
1.61290032
1.97598482
1.90749636
1.34171536
2.44435003
2.19319888
3.01058218
2.83298729
2.07439342
2.89699664
3.29453226
1.64206779
2.78763038
2.38175054
3.64192659
4.29156424
2.39985781
2.96698164
0.44934485
1.74950191
1.27251079
3.70954914
3.55308553
2.78908508
1.85802807
2.05293074
2.70616555
1.63352875
2.06662271
0.72444915
0.43584621
2.20823350
3.87488671
0.66576820
0.25212042
1.57289552
1.88734027
0.49124227
0.64520896
0.05131989
2.59093187
1.21185877
-0.10004999
1.25472816
2.01125216
1.09304549
0.67666875
2.94541869
1.06929959
-1.09229069
2.08988101
1.95832661
2.88727441
-0.59154212
3.16497694
1.76365934
2.66528225
2.43041965
2.81154632
2.40689678
4.88534680
3.40491325
2.53774214
1.17503330
0.51681266
3.01416628
0.87432019
0.62998945
0.44077105
0.69084437
-1.14438576
3.01229316
2.01467485
0.65440436
1.69101902
0.78910532
2.66374909
5.08088986
3.14557852
2.42681873
1.44170840
0.42083666
-0.15547960
-0.10948048
2.25534048
0.57453219
4.28860630
4.17396550
3.09541287
0.94569507
2.67985234
1.97773997
-0.22549385
2.58676281
0.98177707
0.97667492
-0.30299658
2.15222581
2.49486723
1.29847198
0.52612640
0.49008044
2.70794877
3.73113257
3.60756792
1.74442476
3.29646501
2.18799192
1.71628211
2.56293841
3.92590586
2.19247540
2.84314462
-1.31692731
0.32307158
2.99982046
0.64809655
1.14833687
2.39151231
3.98312205
1.20596680
3.88903500
3.06249368
1.76206861
0.10917621
3.38994083
0.32626856
0.32626856
1.60168305
-0.16394270
2.63432082
2.61389128
2.52632383
2.31360872
2.54951158
1.90049847
2.71408635
2.55537901
1.54407998
1.54067698
1.79341749
3.88876786
2.62730936
2.57157838
2.71855356
-0.68898382
1.52737404
2.81728108
2.22776115
1.68798149
2.38088586
1.74358416
1.11952552
3.95584486
1.49715808
0.72242151
5.00216595
2.42749068
-0.07486028
2.77046176
3.35476758
2.33269502
0.68206344
2.74113716
2.81644005
2.70734538
0.74283815
1.20095791
3.16009237
1.44659416
-0.07272328
0.00820018
2.07932946
2.33385394
0.35377590
3.63016380
2.89613893
0.57662230
1.09529756
1.12887545
0.88441876
1.98457691
0.44092803
2.62186732
0.58679179
1.54819412
0.90636062
1.23250761
3.18920454
-0.07499886
3.12272780
1.46312751
3.74251771
3.12343044
3.44044217
2.26162670
2.87541911
1.93278467
-1.16129310
2.08931307
2.97850559
3.24968750
2.93547564
-0.43898622
2.20988093
1.29350272
2.78105728
2.11626006
0.07754463
-0.23875897
-0.34716987
-0.85290236
-0.94292794
-1.47245692
0.08498731
0.91136904
1.22265048
1.10727995
1.73425064
1.84351010
1.92569427
1.38312178
2.44276461
0.84168025
1.68896625
2.95858146
2.14210296
2.65147946
1.99532130
1.98809469
0.69220262
1.73962907
0.42611991
2.10992904
1.51317002
0.60445682
1.95189129
1.83384018
-0.36809375
0.22963985
1.33885228
2.50136343
3.13006190
0.68976283
1.69802800
0.93761572
2.64903741
1.56010359
0.90539229
1.44341741
1.52155985
0.74913556
1.96633973
2.05932000
3.20513683
1.33631688
1.31123479
2.20249631
2.30650100
1.09263536
1.80451375
3.20735500
1.81740840
3.26582717
0.83845562
1.86928709
2.40189273
0.48910246
2.21773770
0.60329280
4.01221387
1.36406922
3.31373789
3.36468834
2.64090853
1.20211969
0.68509446
1.71617476
1.29298803
2.16333104
1.33007561
-0.08542660
1.78196608
0.53698944
1.13583700
1.39723129
1.01287339
1.26650119
1.54144159
1.60758729
1.34194321
1.13176306
1.40677382
0.60783251
3.45074836
1.86523502
0.81873711
0.83223132
2.47003390
3.19559646
2.67743460
3.11530153
1.79629446
3.10407176
1.71002602
2.21966539
2.94917756
0.72569720
2.61653647
2.96669768
2.91557069
1.06029956
3.22309691
2.60468200
3.16957293
2.05280903
1.50875246
2.53745526
3.21968285
1.86636866
2.06981028
3.15176032
2.37578097
0.59597472
2.55621696
1.54137506
2.61397500
3.11583166
3.15989824
0.86291595
2.98648021
2.98967327
2.53264278
2.00328600
2.95536452
2.84931359
-0.16460075
-0.74094712
2.54008380
0.08610091
1.19181220
-0.44298211
0.71937362
2.52353211
0.33629359
0.94488588
2.26494903
3.25601202
-0.59192167
-0.03993748
1.88396286
0.10170858
-0.49528943
0.61903841
1.61471060
1.22826202
-0.18744576
3.43398040
1.33664407
1.13478526
4.39155205
3.16760998
-0.44589469
0.33942081
1.28926241
2.53578183
1.06572483
-0.35812583
1.26004907
1.95412767
3.24697543
2.52952935
0.66933817
1.45777828
-0.19871853
4.19256036
0.50566318
1.49779557
0.83675220
1.12888666
3.73307068
2.14960974
3.19642686
0.01461851
0.82136641
1.85965626
2.55692796
0.78680817
2.99341625
3.16170452
2.11077250
-0.00603250
0.73728048
0.94915878
1.82724021
3.39277302
-0.38750737
0.86280035
-0.81384318
1.58726909
1.04909961
3.60414328
0.80715127
0.52971829
0.73551173
0.86637150
1.34252887
3.22367503
1.56275268
2.24500455
4.76660886
2.59240721
-0.97131589
1.87003603
3.39895011
3.04215221
3.16959438
2.61356242
0.21692364
-0.23377777
1.06071788
2.70907830
-0.75459836
4.58535475
-0.35247595
0.16802590
0.06173767
-0.50723124
3.19958556
1.80633457
2.04377153
3.70256210
2.53555914
2.90612257
3.61009927
2.63739201
3.77254827
3.15254818
3.46661129
2.95697421
2.98896820
3.89394739
3.21394251
-0.15871359
4.19013363
2.93876560
0.06608131
-0.37586812
2.80961804
2.25590215
-0.61196312
2.00887834
2.34970546
1.86994652
3.34896597
2.79354028
3.48012424
3.49496680
2.78750771
2.85764839
2.67530161
2.60176613
2.25422428
2.85380979
1.66193267
0.07176398
2.22999024
2.57479423
3.28224574
3.30929115
1.16931783
-0.26947065
2.95074728
2.42397449
3.10005554
3.29017650
2.16784284
4.15691100
0.37282301
2.59166106
1.37210821
1.70571634
3.56054280
1.85174921
2.57873029
2.63743683
3.34902763
2.04157510
1.34023673
-0.53625955
2.28972808
1.81821258
2.61592520
-0.79633278
2.25720580
2.30288293
2.74831905
1.08765507
1.97319845
1.37474424
1.93786178
-0.74851968
1.87969987
2.10780962
2.22300274
3.05453174
2.86660971
1.12714663
2.45118642
2.01758267
-0.34299922
2.95904833
3.27697402
1.96037535
1.84287497
2.84102725
1.74107418
3.37293290
-0.23396880
1.31564022
2.07686782
0.17240724
1.52881226
-0.27429075
2.36089073
1.68308662
2.53900030
2.67136318
3.57089080
1.46950499
1.65203046
2.56016551
1.55066694
1.83903527
0.20523770
2.74455651
1.75541480
1.00713635
1.80626190
1.89725366
2.46325181
1.11749330
1.74598109
3.01150020
2.10911447
1.54037553
1.87128872
3.89333015
2.46549715
1.63472634
2.88651503
1.39084927
1.70006179
2.60769110
2.93723729
1.98289457
1.69940829
1.32925888
2.24628829
2.66170890
3.30360449
3.07744914
2.36799177
2.71161155
1.75433025
1.98807578
1.83366290
0.52769105
1.49645057
0.58113318
1.11644497
2.83865632
2.61319754
0.84473047
0.96292763
0.66292265
2.92415837
1.52317841
1.64116281
1.40529801
0.55915851
1.18568253
1.91915570
2.62991558
0.85240075
2.87413312
0.05738463
3.07678776
1.44664770
1.94173381
0.17698365
2.93471046
1.16145421
2.12346108
1.26163645
0.22830916
0.78882932
2.55340156
0.24275114
-0.33962374
1.45290189
2.60368371
0.11151762
-0.31553138
4.04801932
1.63833065
2.55941143
2.62732646
3.18706194
2.89273391
2.75652918
2.71132918
2.75652918
1.72702362
4.07142467
4.29843937
3.52619377
3.59049933
0.08709990
0.69404170
0.62090936
2.62114167
2.70904648
3.69494325
2.42437437
3.10717494
3.55227436
3.47162924
2.25323558
3.11742966
2.09144914
2.90878559
2.35605258
2.65678353
1.26235174
1.30638195
1.42373960
3.11079374
1.04313535
2.12573046
2.46928923
1.05355812
2.69962939
2.05198376
4.10346633
2.65155409
1.76698933
2.39627601
2.30342452
2.95009763
3.68815661
3.20626071
0.15260314
3.57816393
2.84366086
3.41595010
3.51828306
2.71371459
2.74572269
3.20353393
3.57519402
2.70565307
2.77976860
2.77976860
2.68507202
4.11171352
3.54546171
3.80047414
3.03574261
3.16562494
-0.58886190
2.97261914
3.10718066
1.68183830
0.52473190
1.42707574
2.18488618
3.20077115
1.91742523
2.22352781
1.00860818
3.02653382
2.46251272
2.06343873
2.90917566
2.76886181
3.05794031
3.01991661
2.42742631
2.36682391
2.77072652
0.33684357
2.69041715
2.41227923
-1.90193340
3.30957903
2.54934238
3.02421582
2.91270588
1.64585354
2.15500647
0.20538926
0.95578438
1.01056464
-0.53538777
2.17250250
1.41151549
0.26090225
3.01768563
0.81607127
2.66887969
0.28376836
-0.78397602
-0.97404541
0.77231944
1.03113974
0.42996042
2.86255047
2.57560704
1.70532731
-0.70906166
4.87342257
2.93762559
2.30674002
-1.18310869
2.08309844
1.13317726
1.67359153
-0.24245670
2.51280351
1.31735442
3.37718387
1.19957889
-0.26893880
1.48189036
1.62290783
3.38940796
1.40995649
2.58418065
-0.72411342
-0.52115087
3.56084233
2.59359873
2.14434239
1.60852937
0.47507423
1.90883626
0.78946054
3.43789672
2.02835243
0.95164456
1.62924429
1.96704201
0.87149838
3.90565238
-0.36307231
1.92896727
1.52780715
3.99974479
1.57478868
1.26115479
1.83286673
0.91786519
1.27433761
3.03672921
0.86759572
2.99363200
2.85214419
1.04759234
2.25263356
3.16821941
0.44315004
1.76850588
2.37132605
-0.20622923
-0.22416555
0.49083643
2.23296279
2.03624808
1.58784126
1.57059956
3.09525138
-0.68998912
-0.62903103
2.27325065
0.46635482
0.48046080
2.11138267
2.16531183
-0.65643946
3.59317882
1.71230002
0.50638023
0.13321970
1.88571610
3.14954730
2.47512754
1.99275948
2.75545346
3.61582714
-0.86897537
2.70338909
1.03299880
4.10640599
1.10072980
0.51124648
-0.28735265
2.03739187
4.02293064
0.18994295
0.39547906
-0.38071785
0.39014329
0.43058946
0.25338317
1.76309776
0.43092489
0.44407535
2.61733433
-0.15584735
0.16047739
2.90287012
1.54075680
1.60402654
1.19198110
2.00538793
1.68774418
0.26967780
3.16169468
-0.33209927
0.77034893
0.61727419
1.10440195
2.36980100
3.47744283
3.13410406
1.86063084
1.86206543
2.78370148
1.72296034
1.73056545
0.87271005
3.53598750
2.76722690
0.54608888
2.58664643
2.23799978
1.29967441
-0.45113576
1.91580502
1.14737544
1.96795073
1.56674277
2.92046595
1.04084911
3.84670128
-0.04694977
-0.14233583
4.60058713
3.74340302
2.75008495
1.37015009
-0.24510933
2.03657967
3.22983411
1.49629217
1.62041228
-0.49524197
1.55719376
3.16630196
-0.46382770
-0.31209386
2.70627997
2.09520445
2.83050172
2.43870328
0.91949946
2.43226810
3.29767984
1.28668690
2.49506393
0.66401716
2.83032209
2.09305730
3.18311601
2.73767273
3.23170073
1.16905545
-0.25254639
1.18525731
3.12847367
0.55956458
3.00888650
0.80685687
1.12474094
3.53817832
2.98841268
0.83938840
0.87316226
1.01950429
0.75201348
-0.34444375
3.32622794
3.17887245
2.06945942
1.57076604
2.46488440
0.13331014
0.10393155
1.64970538
0.89678770
4.25166044
-0.19811410
0.19695673
2.94224898
0.52298427
1.52209801
1.50077949
1.21773085
-1.07164039
1.79624438
0.05456029
1.84174647
3.39759330
3.23293917
2.64535376
0.98971647
-0.21895348
2.58723544
3.43471783
2.64680426
1.67562364
1.17225016
2.03804926
3.31795312
1.77689812
0.16498731
1.16592030
1.43577313
1.87396785
1.90491855
0.48199416
2.19297557
2.67800599
-0.49225635
-0.11181110
1.28186617
4.23892847
1.55446965
-0.15908589
4.01860298
-0.02685392
0.47454566
1.40189550
3.97386595
2.39574438
2.34112684
1.68035473
2.05639472
1.45136840
1.84811875
3.64496490
2.28996632
1.52681361
1.02305350
2.13402039
0.88286270
2.12414867
3.24168562
1.00104999
2.82158272
1.16217606
2.11348230
1.99193407
1.96204465
1.76035070
2.45294197
3.23149778
-0.35606366
1.24422560
0.89339868
2.33432602
2.13498621
2.38956443
2.34838141
1.65457360
1.66140067
2.48805058
1.82462130
1.93362017
0.93887289
1.92777152
0.85734826
1.19944723
1.19944723
1.30962573
3.46167259
0.85983080
1.22011805
1.31518277
4.06609897
1.83029444
2.19015799
2.43138106
1.48770330
2.05701612
2.89481251
1.34909799
2.18128343
3.93302651
2.70914864
3.19690668
1.99017634
1.06134577
3.55295653
2.15730712
0.62088248
1.72054623
0.75435673
1.72153787
1.31322075
0.86760332
1.54984151
0.84362431
2.72166779
2.64766135
1.37256805
0.85100795
1.63428576
1.36045011
1.71056726
1.40434429
2.67703188
2.44846025
1.55791220
2.02048466
1.78755413
1.15648276
1.40670437
3.13261222
2.85255269
3.37017888
3.04935773
3.24185555
3.17182269
3.50107344
3.02265673
3.48828974
2.00111424
1.17640970
3.36535073
3.14802720
2.70372162
2.70004589
0.73595115
1.13695978
2.10282853
2.34059889
2.92612304
3.27636105
2.08564267
2.49367238
1.20686402
1.18913589
1.24886241
2.70255763
0.40151492
3.01941025
1.71228232
1.15718222
1.28805487
0.29905725
1.48443615
-0.77952447
1.00241662
3.12017944
4.13723728
1.37609518
2.89126196
2.25204447
3.13190741
1.71307691
1.54717813
1.64065162
2.74071341
4.05649937
2.31632719
-0.95322810
2.67961019
3.57368548
3.36415973
2.30091226
1.03617636
0.71877245
0.14027127
