1.72801791
2.23676082
2.45827413
1.35319346
2.07827531
1.99985712
2.35728746
1.96281508
1.21144961
1.43525770
1.84924856
1.78362279
1.16291478
1.77492006
1.26245638
1.78789443
1.27578800
1.06673565
0.95401271
1.45297523
1.14708731
1.54099701
1.02061677
1.60109437
1.70081722
2.31501242
0.83907824
1.21076444
1.19677069
0.79491066
1.00792291
1.89781967
1.12305445
1.22434136
0.90287246
0.65317098
0.90731849
0.10341047
1.08976358
1.95780012
1.80192119
1.97624346
1.09878428
2.73840667
0.78894973
1.40215128
1.42478508
0.58797566
0.96745759
1.03509218
1.19576963
0.89474749
1.37173977
1.28590671
0.97735867
1.39524176
1.53010982
0.58810491
0.96654475
0.39662193
1.31675459
1.48282310
1.40650502
0.55101088
1.39071210
1.24579208
1.28083692
1.71921311
1.03126722
1.61264292
0.13353754
0.80758106
1.57111485
0.86423526
1.20521278
0.74691921
1.36556385
0.97725272
0.77570236
0.52845245
0.90194331
0.15439071
1.34450866
0.31095139
1.86929128
0.99534586
0.43843429
1.50027395
1.13054289
0.64326403
0.71763862
1.47429633
1.21182943
0.42126932
-0.45617229
0.43882453
0.49341263
1.21230859
1.01486425
0.99590244
0.72078337
1.10640481
1.44613688
0.98663508
1.40832927
1.02181662
1.15615344
1.10460101
0.45769765
0.63870717
0.60187391
0.70410553
1.19772379
1.78638045
1.14164506
1.35274912
2.53096065
0.47327998
0.85847811
0.47719011
1.51191181
0.70916966
1.05035971
0.69817859
0.80970559
0.72127609
0.89027787
1.93488883
0.85985548
1.65889463
1.17266964
0.81302187
0.10145119
0.07341796
0.75846968
0.94403231
0.67813594
0.68085286
0.58096966
0.92965242
-0.50500505
0.63395314
0.74478912
1.05556602
0.06611005
0.22550622
1.55480488
-0.41051524
-0.48310251
1.23010229
0.47770793
0.40516011
1.05519907
-0.12232896
1.02478905
0.56656552
0.23408232
1.10464441
0.18166215
0.76462830
1.06789040
0.36483151
0.26184021
0.70382116
0.24684819
0.18053714
0.30349994
-0.59214861
2.01466708
0.68021067
0.72777337
-0.11164790
0.75337323
0.72215087
0.30510980
0.56812069
-0.36739748
0.36565448
-0.08326736
0.00000000
1.39951729
0.59775199
1.25728257
0.72819314
0.42655708
-0.56262931
0.12360557
0.17001119
0.53768612
0.14636474
0.35198371
0.39831641
0.80046158
0.11789980
0.10001188
-0.41895622
-0.16558284
-0.05676559
-0.09541635
-0.02708812
0.30828922
0.13386246
-0.02860220
-0.19121421
0.01488121
-0.02385675
-0.04311614
-0.17399675
0.16854111
0.11304066
0.07113475
-0.01908134
0.00767537
0.41951581
0.16748584
0.07639511
0.45100787
-0.66766203
-0.70553555
0.39340161
0.53156899
0.15783491
-0.15560042
-0.23250968
0.00445011
0.40970527
0.40970527
-0.04969373
-0.23700468
-0.70246452
0.28805666
-0.34504686
0.30130696
0.17950085
-0.70815202
-0.01922462
0.42164180
0.06255519
0.51685430
-0.73600808
-0.40543821
-0.65335403
-0.66712077
-0.17908004
-0.70743119
-0.04486601
-0.08297692
0.19653096
-0.39634786
-0.22625535
0.93013473
0.64361619
-0.29055144
-0.69298208
0.21245919
-0.25130331
-0.22028447
-0.25983766
0.55817820
-0.56424877
0.36961459
-0.71457018
-0.04529266
-0.04855012
-0.20873594
-0.65687140
-0.72403698
-0.56113246
-0.18777071
-0.66060260
-0.45037716
1.12348459
-0.67666243
-0.34529961
-0.48280694
-0.26297026
-0.20155689
-0.31896296
-0.69168700
-0.66326037
-0.71673839
-0.00180514
-0.72132038
-0.69269504
-0.14362590
-0.64805898
-0.39830291
-0.15691569
-0.15886210
-0.67504635
-0.60838868
-0.71434314
-0.61521448
-0.63393211
-0.64098728
-0.16608094
0.04858001
0.01551452
-0.28999913
-0.79278087
-0.78566784
1.70782123
-0.00829788
-0.71562620
-0.98658443
-0.78046348
-0.96871387
-0.31904778
-0.41588626
0.00000000
0.00000000
1.56466557
1.73670459
3.20514665
2.73299212
1.59489179
2.11788548
1.95346703
1.95036168
1.53188053
0.65267459
1.73991587
1.89902781
1.12363640
1.44416806
1.37036419
1.56325091
1.01475901
1.59760059
0.77227387
1.59142137
1.82370755
1.08871423
1.39125218
1.32478103
1.40200572
1.06666566
1.18802555
1.51311974
1.10029906
1.25918669
1.25957901
2.04148619
1.70001411
0.56591346
1.54263998
0.97011925
0.90333642
1.02172453
1.44942891
1.55411895
1.04266767
1.22057422
0.51313303
0.63246615
1.10191577
0.51727362
0.89177919
0.47224309
1.09991846
0.62135231
0.43236680
0.62564775
0.37112201
1.11245523
0.91606831
0.83697441
0.99091042
0.78958394
1.07192662
0.56586231
0.77925709
0.84966422
0.44412259
0.73679231
0.98997779
0.47604738
1.53256628
0.78544004
0.44612661
0.42155022
1.20969286
0.56919957
0.43129813
0.92344622
0.74876718
0.52591127
1.09463438
1.09463438
0.55342236
0.73700838
0.59936290
0.31814519
0.29543520
0.69927895
0.41825940
0.29423182
0.76251377
0.57967475
0.97853075
0.64663057
1.28127895
0.64866958
0.62982057
0.56974340
0.84246691
0.47838799
0.69255865
1.18500479
0.75572194
0.98319795
0.19239470
0.39840081
0.53459134
0.85593418
0.61337981
0.27606573
0.63066622
1.03296678
-0.02155675
1.27661406
0.19278223
0.99417851
0.22015887
1.15334803
0.35450817
0.17553245
0.65838196
0.79248443
0.11126627
0.01117388
0.07280300
0.17088212
0.58880035
0.13489655
0.21824945
0.63455373
0.08746743
0.62544378
0.18891110
0.19961608
0.42827425
-0.03129844
-0.00262836
0.05975914
0.44321410
0.62512427
0.18105383
0.70518030
0.42332182
-0.06536483
0.07972638
0.34618725
-0.13516140
0.11106724
0.32690226
0.28856147
0.01992915
0.19567924
-0.06191484
0.23699448
-0.02470186
-0.07124673
0.03374349
-0.33582649
0.25153173
0.52207666
-0.17542219
0.43486175
0.43486175
-0.13598856
0.30237489
0.19448563
-0.03202838
0.50772720
0.06677920
-0.10754231
0.48920788
0.07296789
-0.16474305
-0.20273466
0.53542117
0.36639936
0.39663129
-0.05235029
0.32807230
0.33408041
0.32753396
0.26931045
0.26020945
0.28760580
0.64772374
0.08335555
0.05133686
0.08160998
0.01045765
-0.03175214
0.00000000
0.00000000
0.00000000
0.00000000
0.00000000
0.00000000
0.00000000
0.00000000
0.00000000
0.00000000
0.00000000
0.00000000
0.00000000
0.00000000
0.00000000
0.00000000
0.00000000
0.00000000
0.00000000
1.28052162
1.84065854
3.73827526
3.70080283
3.39697472
3.39697472
2.66102941
2.33183132
3.17432432
3.17432432
2.44321744
3.02279210
2.11614357
2.48747966
2.48499180
0.96154494
2.21721856
1.63319892
2.50837955
2.73321032
2.18816996
2.55743016
2.34701499
2.01366685
1.80430986
2.28561541
2.51975496
2.03520285
1.82631104
0.85429945
0.72918172
1.58482218
0.96781535
2.47950451
2.78933573
3.15193458
2.32831081
1.84329924
2.39921480
2.45865755
2.90963032
2.12192024
2.60810796
1.53148882
2.05178660
0.50067451
1.64619398
1.67971192
1.80225922
1.89750460
2.56024808
2.29969320
1.98504063
0.58513456
2.51758793
1.87854459
0.86647437
2.88631356
1.98267087
2.43343889
1.54176503
0.66911549
1.71471777
1.26259518
1.86998113
2.36172460
2.24398394
1.61275070
0.80741482
1.56298027
1.54220939
0.63717238
0.64182563
1.77537082
0.72129449
0.64790236
1.35274571
1.46436703
2.02364624
0.47262510
1.58310048
1.97208825
0.47624774
2.07546395
1.97728178
0.49658037
1.67942133
1.55452712
1.31387856
1.95166868
1.97723678
0.65806518
0.53034803
0.20964265
1.14784347
1.32622505
3.44006654
1.13832485
2.47127607
2.47127607
1.92294332
1.97380947
1.97380947
1.97380947
1.68395509
1.68395509
1.68395509
1.68395509
1.50027624
1.28887432
1.16473336
0.29859560
1.32431956
0.99877997
1.07332132
1.39010809
1.12434546
2.10509980
0.24863487
1.22579122
1.05092940
1.63324097
1.33214167
0.73866997
-0.08124402
0.22324210
0.95630448
0.10944261
0.16402779
0.62984137
0.04672285
0.03528389
0.02435587
1.00925200
0.14331679
0.06768370
0.16379410
0.35910189
-0.05561021
0.00000000
0.00000000
0.00000000
0.00000000
0.00000000
0.00000000
1.01291804
1.46815940
0.24780167
0.91321568
0.44525886
-0.13238252
0.86430077
0.31008352
0.51668892
0.19553152
0.28293389
0.27977481
0.31422861
-0.05937883
0.28301578
0.61382363
0.67608949
0.34044042
0.30785349
0.41508729
0.88285841
0.82859921
0.08424339
0.64510263
0.73682631
0.63380745
0.62162310
0.43191669
0.04371550
1.80876077
0.43914177
0.24557349
1.16661576
1.16661576
-0.25047500
0.58024505
-0.21590173
0.89552206
0.89552206
0.89552206
0.89552206
0.89552206
1.63973573
0.39172537
0.77593691
-0.06467618
0.72690078
0.72690078
0.15362683
-0.14174970
0.61507644
0.71320243
0.52879020
0.71774394
0.71774394
0.40552700
0.74930390
0.68722420
0.86470991
0.38370488
0.54490312
0.40164006
0.40379724
0.61552213
0.00997800
0.29905159
-0.02171871
0.04376249
0.10823006
0.11744516
0.14357139
-0.06372048
-0.06652637
1.07334795
0.38572288
0.47902250
1.84730658
-0.25714976
0.23089028
0.05605762
-0.01209147
0.24999264
0.10607218
-0.03966738
0.01538787
0.28763600
0.04180299
-0.03845949
0.10222169
0.59184490
-0.14563200
-0.00297475
0.31265339
-0.01004264
0.70753797
-0.09597234
-0.03824555
0.03223729
-0.15402233
0.23190159
-0.04840799
0.78913953
0.28234606
-0.03105657
-0.05147610
-0.07820795
-0.09185948
-0.04281927
-0.01796498
-0.03651574
-0.09345480
0.40797882
-0.00586912
0.49486191
0.11791882
-0.04556984
0.32450784
-0.03388322
-0.02979503
-0.04564997
-0.07613231
0.23641448
0.10880508
-0.04021194
0.27854873
0.09696546
0.08327893
-0.04828024
-0.03012573
-0.02518786
0.26913995
0.15764599
-0.10385622
-0.03961975
-0.02239042
-0.51247245
-0.04508624
-0.15251548
-0.20201129
0.24411829
-0.02431408
-0.07584339
-0.05373481
-0.02941422
0.32995770
-0.03003364
-0.04868513
0.19766737
-0.35751319
-0.06915545
-0.07642574
-0.15905327
-0.10431287
-0.05274786
-0.26720815
-0.07073268
-0.04622028
-0.04207315
-0.28133233
-0.09941041
-0.28827971
-0.16554106
-0.17078730
0.51445460
0.00000000
0.00000000
0.00000000
0.00000000
0.00000000
0.00000000
0.00000000
0.00000000
-0.07715616
0.42918569
2.33745970
0.82116280
1.85936023
0.75572112
0.65732992
0.02219284
0.66742298
1.32398552
0.67379587
0.63802022
0.60610779
0.60432762
0.64623589
0.92378597
0.94716570
0.71404071
1.12142022
0.59605619
0.76749598
0.96036008
0.57626981
0.68986234
1.00936729
0.95870324
0.92401370
1.32404667
0.96134098
0.75440177
0.77124157
0.59481467
0.90815432
0.68995051
1.06439768
0.69827065
0.28300957
0.70819320
1.54887571
0.77608692
0.53881079
0.75677416
0.93029609
0.63357609
0.76545851
1.27259256
0.72041621
1.33904328
0.18498830
1.32450690
0.43425209
0.43425209
1.37762003
1.57234254
1.31424997
0.89215231
0.94263635
0.38586961
0.75074481
0.98313430
0.74236134
1.82972993
0.89294440
1.30713095
0.44605186
0.29482839
0.89236704
1.47522478
1.48511800
0.40532635
1.49386120
0.91109591
0.80746701
0.09258193
0.77149499
0.86363482
0.31862989
0.85101230
0.62614745
0.24319534
0.85954347
0.96145415
0.62010409
1.44940841
0.57230581
0.34835086
0.69965125
1.19764489
0.63417457
1.29087768
0.58311971
0.69568636
1.18139463
1.12811976
0.71728001
1.07098071
0.38722714
0.62165195
1.32561701
0.92923211
1.14531970
0.52815107
1.64764420
0.39635496
1.29519063
1.51063332
0.86570959
1.03813450
0.80857957
0.25498413
1.46076492
0.27308958
0.10570717
-0.24031526
1.05105180
0.74376183
0.18846017
0.52692257
1.52215365
0.00220209
0.74317908
0.63483087
1.41791669
0.48680972
0.49704488
0.18538488
0.46991346
0.49494103
0.43904899
0.02903090
1.22031486
0.61488206
1.14922451
1.62893650
0.04319495
1.01684261
0.17825405
0.53918035
0.19254788
0.53829644
1.35439561
0.78380094
0.71136569
0.31227020
0.47591670
1.21859695
0.66324093
0.21093824
0.24527003
0.23456289
0.01249096
0.09998238
0.04810226
0.07221914
0.66952747
-0.16052853
0.11088584
0.18112139
0.42243179
0.15024335
1.02972402
0.13368749
1.11779988
0.04464178
0.18595730
0.56517291
0.00441671
-0.02223914
0.45833052
0.70190316
0.16066125
0.13685679
0.16953768
0.21055724
0.63459812
-0.18872725
0.64185594
0.05934535
-0.22080985
0.43832818
0.35793293
0.24512471
0.02974977
-0.05725937
-0.07097629
0.17546088
0.59105189
-0.22201492
-0.23632766
-0.19722240
0.03786564
0.03217793
0.09864665
0.07594420
0.39910080
0.10104006
0.10841698
0.10318754
0.09549528
-0.18536673
0.21551947
0.10079501
0.32970765
1.42306819
-0.27248881
0.24025408
0.22296219
0.02379269
0.16692297
0.41666242
-0.21244930
-0.26130820
0.14358270
0.18635215
0.16659417
0.28255108
0.43729090
0.09170684
0.14135274
0.15305463
0.17783004
-0.10485416
-0.15959130
0.09829376
-0.07952478
0.27826174
-0.10117774
-0.18511755
-0.08791574
-0.07824295
-0.18534609
-0.19719436
-0.19799963
-0.08447447
-0.28484916
-0.10806579
-0.24217530
-0.24143816
-0.29430373
-0.16702471
-0.18561953
-0.23442070
0.00000000
0.00000000
0.00000000
0.00000000
0.00000000
0.00000000
0.00000000
0.00000000
0.00000000
0.00000000
0.00000000
0.00000000
0.00000000
0.00000000
0.00000000
0.00000000
0.00000000
0.00000000
0.00000000
0.00000000
2.10060325
2.20647676
1.97059547
2.38253812
1.74066937
1.67756024
1.48028272
2.50591797
1.37095579
1.37656078
1.40408475
1.45708366
1.40628188
1.71924861
1.50193204
1.20831940
2.15416768
1.61928519
1.47791987
1.48004634
1.54148056
1.46139072
2.00208907
1.61335899
1.67047586
1.05793563
1.50537283
1.50967764
1.21409996
1.59013595
1.35701240
1.63715686
1.64100267
1.80188663
1.14462686
1.27796592
0.95920741
1.71170363
1.35057125
1.46964392
1.81647130
1.12099948
1.00183672
1.73528517
1.13113367
0.91506375
1.43524641
1.27933456
1.52038162
1.56334288
1.57984075
1.70371405
1.17716529
1.86222440
1.34892504
1.06435563
1.66014311
1.02978907
1.17125062
1.33140999
1.21256317
1.17798250
1.74623717
1.08878295
1.11827555
1.25425119
1.30829890
1.46015971
1.34088268
1.82165988
1.22680766
1.25095975
1.06207480
1.36917651
0.90823261
1.07376338
0.85906251
1.02962484
1.93074619
0.77834221
1.18580652
1.06260904
0.97441431
1.20025043
1.43971908
1.07097590
1.26297675
1.33772767
1.75939887
1.08984767
1.33957083
1.04345250
1.17303465
1.67504785
1.38168456
1.21286088
1.23935974
1.14936105
1.39117250
1.97539571
1.10039170
0.77508883
1.14639166
0.32989870
0.21657458
0.07965995
-0.02518024
-0.02518024
-0.02518024
2.07279309
1.52512523
1.52512523
1.52512523
1.52512523
1.52512523
1.51546584
1.27230745
1.52193040
1.52193040
1.55806180
1.26965578
2.44662961
2.08172312
1.83890944
0.96229440
1.50613512
1.57268495
1.12921820
1.36580602
0.80574114
1.51324038
0.69603150
1.26608656
0.49092071
2.27138371
1.99356905
0.40328565
0.23469429
1.86861686
1.59032134
1.57415127
1.23432537
1.30641354
1.01861613
1.88329070
1.28819624
0.74927794
1.50922322
0.45819995
0.57598791
1.64270785
1.25918885
0.69221673
1.30032432
0.72156447
0.69692752
0.56701767
-0.03359010
0.48267507
1.29170653
0.37260076
0.32754356
0.33498087
0.29556044
0.29188470
0.32462771
0.47818199
0.10838656
0.74619411
0.09177982
0.29569126
0.17607717
0.07626638
-0.12438106
-0.14343041
0.31059631
0.31215428
-0.11343851
0.60113907
0.21686708
0.32892505
0.13889793
-0.18108776
0.11523014
-0.13182616
-0.16522323
0.15152197
-0.07473595
-0.20505567
-0.28163337
0.01500003
0.40512003
-0.20122898
0.09112619
0.04847925
-0.21792071
-0.17302337
-0.27692055
-0.13129970
-0.25222029
-0.14398750
0.11599240
0.16045351
-0.01553809
-0.19388219
-0.21197151
-0.05450220
-0.29982291
-0.13583557
-0.09867658
0.00728440
0.04847829
0.36265933
-0.34092434
0.01427699
-0.15955245
-0.14259422
-0.20587463
-0.20766946
-0.17631955
0.15160161
-0.17466817
-0.18410206
-0.22226529
0.29108094
-0.17172705
-0.16413076
-0.31982229
0.78329408
-0.23580452
-0.16848339
-0.08850075
0.07002571
0.02973007
-0.01295995
0.03256541
-0.03080253
-0.04557024
0.30065776
0.23415867
0.16607494
0.17400285
0.17534715
0.14919186
0.10341796
0.10623729
0.09010529
0.07012604
0.09291574
0.05354387
0.03362356
0.04302823
0.00778066
0.02609721
-0.01778830
-0.18227683
-0.18227683
-0.18227683
-0.18227683
-0.18227683
-0.18227683
-0.18227683
-0.18227683
-0.18227683
-0.18227683
-0.18227683
-0.18227683
-0.18227683
-0.18227683
-0.18227683
-0.18227683
-0.18227683
-0.18227683
-0.18227683
-0.18227683
-0.18227683
1.10989923
0.54825472
1.01712948
0.80325854
0.85011799
0.21992754
1.03823770
0.13088087
0.63368745
0.20250683
0.54209771
-0.04411881
1.71716392
0.25843945
0.12839572
0.71048184
0.39227368
0.96277484
0.19607358
0.06138956
1.11980162
0.47704916
1.17996297
0.17480296
0.46732418
0.44060664
0.14214322
0.16325914
-0.88463693
-0.68610801
0.85419429
-0.25737810
-0.25647059
-0.25172858
-0.11673941
-0.03589537
2.01192300
-0.08378037
0.48380930
-0.23425370
-0.71465874
0.16182894
-0.26519429
-0.81976171
-0.13810454
-0.37948672
-0.29758438
-0.26924103
1.11412350
-0.41366463
0.04167259
-0.29925044
0.05383802
-0.28750529
0.01917237
0.13938327
-0.51156559
-0.40025916
-0.17945302
-0.24023278
-0.17397366
0.35094439
0.33477800
-0.32238838
-0.16832998
-0.09205417
0.16574522
-0.17084320
0.40642440
-0.25192246
-0.16352739
0.47925311
0.47925311
0.15966149
-0.13776780
0.56633554
0.60855025
-0.32024501
0.62547412
0.37606745
-0.02316315
-0.28002804
-0.35276390
-0.45330035
0.01618224
-0.44176308
-0.40485636
0.14456367
-0.06431516
-0.24066202
0.01523710
-0.43485598
-0.43508607
-0.42278300
0.09955693
-0.53627784
-0.40027750
-0.44632961
-0.16228600
0.06705926
0.09929766
1.45310205
-0.19014118
-0.25763741
-0.23573321
-0.23169460
-0.23885674
-0.27707500
-0.58131028
-0.27562246
-0.27739098
-0.30087626
-0.30269654
-0.34439714
-0.32859226
-0.32638850
-0.35639954
-0.34784626
0.11792297
-0.06547333
-0.39823811
-0.07251842
-0.40093050
-0.50332643
-0.19318226
0.40790605
0.00000000
0.00000000
0.00000000
0.00000000
0.00000000
0.00000000
0.00000000
0.00000000
0.00000000
0.00000000
0.00000000
0.00000000
0.00000000
0.00000000
0.00000000
0.00000000
0.00000000
0.00000000
0.00000000
0.00000000
0.00000000
0.00000000
0.00000000
0.00000000
0.00000000
0.00000000
0.00000000
0.00000000
0.00000000
0.00000000
0.00000000
0.00000000
0.00000000
2.20232660
0.56458558
1.26072317
1.42165486
-0.19520863
1.55655044
1.35780354
1.36459975
0.47563571
1.36233949
1.85680323
2.44147048
2.51827340
-0.14674333
0.85242244
0.47055909
-0.11448060
1.50918075
0.03821019
0.04292382
0.48850777
0.60656291
0.33087815
0.57029937
0.35790725
0.03076948
-0.52980653
0.28928393
0.33346515
0.28197931
0.49515931
0.29940516
0.16721278
0.24783630
0.10467862
0.46603821
1.03459459
0.69498126
0.95962487
0.11552070
0.08613597
0.83208619
2.28122205
0.04350122
1.62717342
0.36903358
0.15015441
1.01659431
1.01659431
1.01659431
0.09289069
0.75270851
0.15429634
0.18992804
0.61637929
0.07011290
0.16839794
0.33140686
0.71616961
0.11217557
0.31566030
0.47682521
0.31112225
0.07639687
-0.09778848
0.63678871
-0.18522398
0.19602226
-0.05299635
-0.04347886
-0.03006918
-0.29869581
0.15941143
-0.09418294
0.16294382
0.53468008
0.15783949
-0.17571919
-0.17173473
0.05870144
0.09846672
0.05234437
0.04441108
-0.09227790
-0.07225678
-0.06245123
-0.06293769
-0.15999816
-0.13863893
-0.13934478
0.09040498
0.40375197
-0.17344597
0.39607281
-0.25584949
0.51768891
-0.32884892
0.13291684
0.07538175
-0.05609409
-0.13765016
0.00000000
0.00000000
0.00000000
0.00000000
0.00000000
0.00000000
0.00000000
0.00000000
0.00000000
0.00000000
0.00000000
0.00000000
0.00000000
0.00000000
0.00000000
0.00000000
0.00000000
0.00000000
0.00000000
0.00000000
0.00000000
0.00000000
0.00000000
0.00000000
0.00000000
0.00000000
0.00000000
0.00000000
2.15275681
1.59698579
1.05923458
0.85061828
1.74815638
1.58159370
1.62110944
2.85615522
2.85615522
2.85615522
2.85615522
2.36346301
2.36346301
0.64138776
2.10669648
2.10669648
2.10669648
2.10669648
2.30435704
0.55367122
1.37324343
1.50298473
1.72485638
1.84238760
1.84238760
1.84238760
1.81893225
1.81893225
1.72017660
1.69861961
1.50033394
1.50313529
1.80385343
1.80385343
1.11690352
1.42953785
0.61591450
0.65818214
2.21818639
1.67227689
1.81488567
1.77653173
0.54082815
0.67896866
1.72364374
1.45749354
1.70290463
1.51469895
1.64684922
1.40175984
1.37943227
1.93926672
1.81670628
1.95604985
1.66390026
0.58983780
1.58740337
0.48679459
1.56037516
2.04597013
1.59078347
0.24918315
2.07926909
1.55057618
0.62590549
0.29446971
1.40133502
1.69190864
1.63867912
-0.06287480
0.85964149
1.53627386
2.04482026
1.42447519
2.00460109
1.42010738
2.10157994
1.40564323
1.91130920
0.26417771
1.76069524
1.65255335
1.95003986
0.57510747
0.63079295
1.49031486
1.29021895
1.84984933
1.91763802
0.38508155
0.45733808
1.86803341
0.47476280
1.53846190
0.17808444
1.48933936
1.57434699
0.08705613
0.44338807
0.68758394
1.51102614
0.06792140
1.42993240
0.44599635
1.74927055
0.06940393
0.04715834
1.89369651
0.67863296
0.39960672
0.33967278
0.35961532
0.54577863
0.04654327
0.54244312
0.02144851
0.66237356
0.52398216
0.19994074
0.84460632
-0.03623321
0.69558399
0.69558399
0.60622165
0.51150369
0.51150369
-0.18626833
0.46600166
0.46600166
0.20368878
0.09310348
1.36783391
0.16035518
0.44499491
0.70155644
0.20948477
0.26758791
0.40719467
0.11573542
0.13048714
0.46393410
1.75474186
0.35082218
0.13002972
0.12999645
0.10358663
0.50762761
0.14785893
0.23618699
0.13418895
-0.16487105
0.55280356
-0.03828909
0.28526942
0.18945519
-0.01385653
0.58997746
-0.00487360
0.01559039
-0.01758870
0.43372754
0.38667797
-0.03274434
0.17979826
-0.32261875
0.13766730
-0.23506336
-0.09582420
-0.13819624
0.07476838
0.17595194
0.48885961
0.06733661
0.12852330
0.19281313
0.07828285
0.02203968
0.09619433
0.10491616
-0.04175960
0.02819914
0.05699173
-0.12257472
-0.10071819
-0.18377696
0.00000000
0.00000000
0.00000000
0.00000000
0.00000000
0.00000000
0.00000000
0.00000000
0.00000000
0.00000000
0.00000000
0.00000000
0.00000000
0.00000000
0.00000000
0.00000000
0.00000000
0.00000000
0.00000000
0.00000000
0.00000000
0.00000000
0.00000000
0.00000000
0.00000000
0.00000000
0.00000000
0.00000000
0.00000000
0.00000000
0.00000000
0.00000000
0.00000000
0.00000000
0.00000000
0.00000000
0.00000000
0.00000000
0.00000000
0.00000000
0.00000000
0.00000000
0.00000000
0.00000000
0.00000000
0.00000000
0.00000000
0.00000000
0.00000000
0.00000000
0.00000000
0.00000000
0.00000000
0.00000000
0.00000000
0.00000000
1.84312364
1.62975504
0.41884230
2.07854671
1.70372084
1.68407061
2.08172003
1.38507214
0.35075444
1.69456436
1.56417663
1.65368154
1.62801715
1.63106647
1.87421948
1.61938333
1.82817377
2.51474254
1.48553523
1.53942169
2.08045038
1.27687087
1.38890661
1.69768257
1.86458952
1.86458952
1.86458952
1.86458952
1.86458952
1.86458952
1.86458952
1.86458952
1.75374375
1.75374375
1.75374375
1.42620158
1.69788399
1.69788399
1.70988529
1.97721921
1.67232606
1.67232606
1.67232606
1.67232606
1.67232606
0.68362792
1.54463471
1.39921901
1.38616955
1.66392028
1.66392028
1.66392028
1.66392028
1.67340346
1.66521995
1.39897658
1.55544885
1.67189213
1.67189213
1.67189213
1.01801505
1.64904830
1.81260486
1.51049838
1.52962196
1.53085758
1.26399018
1.63873420
1.77174685
1.61710336
2.09197284
1.54963947
1.80532529
0.89964982
1.38720409
1.51683895
1.32847465
1.28050659
1.73026211
1.38288288
2.27495806
1.70398613
1.61150208
1.50060104
1.66759816
1.70351543
1.60088285
1.83037403
2.04485509
1.41428336
0.57765150
1.63581562
2.37671332
1.63068421
0.75576954
1.57236711
1.76407768
1.90046914
1.46783481
1.69341185
0.41148405
1.55720439
2.02379336
1.37455355
0.88364804
1.33447405
1.73796145
1.54224634
0.94518369
1.67491889
0.51214447
0.60606294
1.63119224
1.77727242
1.77455161
0.39306175
1.89901954
1.89901954
1.33749831
0.61720638
1.63072602
1.74568070
1.67956880
1.56430494
1.69002307
1.90297209
1.51238659
0.51421911
1.43457653
1.32123470
1.14799301
1.23873090
0.89007180
1.33787722
2.03088265
1.19706132
1.19706132
1.19706132
1.17778243
1.17778243
1.17778243
1.44938778
2.56288096
0.13638155
0.30155323
1.17113498
1.17113498
1.58917057
1.59526342
1.54032085
1.17156874
1.77791085
0.89255241
0.30714452
1.43997462
0.97593469
1.74054185
1.49913346
1.52311153
1.47443520
1.47443520
1.66571814
1.68454622
1.64913669
1.30098082
1.30098082
0.59558600
1.20783614
2.01233488
1.90430180
1.15716821
1.69609769
1.13020033
0.78950558
0.29724268
0.21029661
2.39653561
0.61900762
1.11159171
1.82629997
1.69761170
0.62580035
1.04028722
1.22508326
1.56122803
1.07468092
1.73397519
1.57957863
1.50740357
0.32380980
0.73647930
0.91615593
1.40616164
1.53634157
0.44979103
1.73079499
1.92073462
1.56866297
0.62122037
0.23207647
0.18508868
1.47350693
0.40022154
1.10860434
0.80412837
0.38925051
1.40175720
0.35541749
1.80179518
0.28151697
0.37133136
1.15232053
0.25019643
1.31953016
0.37545087
0.33231742
0.35323445
0.85245047
0.99680415
0.44193301
0.26521896
0.26412059
1.10587455
0.31930656
0.31739134
0.31503937
0.34336832
0.31016968
0.92733123
0.32642724
1.14869694
1.08571640
0.64041566
0.29293184
0.47042709
0.29946089
0.25538163
0.28141735
0.27096946
0.07630198
0.48090509
-0.02389377
0.48974337
0.28993040
0.24651300
-0.09860294
-0.16293587
0.32756776
0.50106400
0.07074267
0.01377030
0.83124508
0.56861253
0.56861253
0.56861253
0.56861253
0.43910712
0.43910712
0.43910712
0.43910712
-0.13880574
0.36614760
0.36614760
0.36614760
0.32106026
0.29106205
0.29106205
0.25389445
0.25389445
0.23080471
0.49628580
-0.25162094
0.33424174
0.27539626
0.10465061
-0.34960188
-0.27908213
0.00000000
0.00000000
0.00000000
0.00000000
0.00000000
0.00000000
0.00000000
0.00000000
0.00000000
0.00000000
0.00000000
0.88345888
1.47560273
0.01600100
-0.16899198
-0.01261440
0.88974954
0.83192266
1.95902662
0.57046618
0.70319876
0.50850433
0.51622981
0.51622981
0.53241276
0.40449779
0.40449779
0.62493269
-0.10372726
0.37413145
0.37413145
-0.11036794
0.48658506
0.41499939
0.25214374
0.38767760
0.09599745
-0.14694018
0.26041855
0.22118474
-0.33454864
0.09142433
-0.60316489
-0.35751825
0.27378489
-0.52827823
0.00935643
-0.16699589
0.15050239
-0.30154484
-0.46418419
-0.75460611
-0.57522333
1.72958053
-0.38771367
0.96754958
0.32117587
-0.45930744
-0.55642670
0.60141219
-0.25989115
0.39784297
0.19372057
0.32968299
0.21883432
-0.52766229
0.04181273
-0.37593082
-0.26416368
-0.42366633
-0.19793335
-0.39496796
-0.46631729
-0.35630018
-0.41592525
-0.45981258
0.13361188
-0.53869219
-0.38509220
-0.54261911
-0.17915756
-0.40903098
-0.40897605
0.28867903
-0.14633723
-0.17658076
-0.66455929
0.85785216
-0.11236561
-0.11854366
-0.46279447
-0.41355186
0.00219847
-0.52054698
0.00388343
-0.43293457
-0.00105470
-0.45312578
-0.44583888
-0.46775652
-0.44313285
-0.53999101
-0.55899863
-0.44307270
-0.44142371
-0.52390024
-0.49724403
-0.42030182
-0.49450139
-0.49760092
-0.15566010
-0.46284640
-0.47354094
-0.43345804
0.86654306
-0.45376643
-0.40119706
-0.43942976
-0.44464145
-0.41358656
-0.44316732
-0.42384211
-0.43820154
-0.45282387
-0.44673150
-0.42621559
-0.43386560
-0.42883464
-0.42486415
-0.41464181
-0.41079261
-0.40571766
-0.40034571
-0.39538258
-0.40780195
0.57675624
0.37498873
0.00000000
0.00000000
0.00000000
0.00000000
0.00000000
0.00000000
0.00000000
0.00000000
0.00000000
0.00000000
0.00000000
0.00000000
0.00000000
0.00000000
0.00000000
0.00000000
0.00000000
0.00000000
0.00000000
0.00000000
0.00000000
0.00000000
0.00000000
0.00000000
0.00000000
0.00000000
0.00000000
0.00000000
0.00000000
0.00000000
0.00000000
0.00000000
0.00000000
0.00000000
0.00000000
0.00000000
0.00000000
0.00000000
0.00000000
0.00000000
0.00000000
0.00000000
0.00000000
0.00000000
0.00000000
0.00000000
2.05640986
1.53634204
1.00645709
1.00493742
1.37939996
1.49106458
1.64072705
-0.27007455
0.85238683
0.56001789
1.17142835
1.10044647
0.88956184
0.25405708
0.98264821
0.74991246
1.70706501
1.39438073
1.39438073
1.06993500
0.97321994
1.49359047
0.83642927
0.02508301
1.24596975
0.48118721
-0.00240988
0.13239411
0.74064203
0.86755544
0.57758674
0.51732320
-0.24607710
0.44583076
0.59418530
0.45549763
0.94172107
0.90206229
1.67865564
1.04439214
0.82807084
0.82807084
0.30092875
0.65277525
0.65277525
-0.30126728
-0.04842004
-0.19781788
0.60729427
0.47665568
0.43330603
-0.35700262
0.18383444
0.57043862
0.38582555
1.06174734
0.04036286
-0.38936011
-0.19301738
0.66910443
0.73620444
0.46297514
0.46615818
0.49869243
-0.40506344
0.67288783
0.55011601
0.01915589
0.15847738
0.38080156
0.16512487
0.02613560
0.27116156
0.44958814
0.32624405
0.06613201
-0.32583702
0.37104958
0.08185496
0.10903694
0.80780776
0.43168610
0.08347035
0.40869123
-0.40765222
0.33134372
0.31368782
0.02840218
0.36112324
-0.02256470
-0.41527700
0.05918158
0.90400726
0.12841591
-0.34496521
0.71077553
-0.42819930
-0.12574000
0.98708714
0.32688593
-0.32629934
-0.56290268
-0.32773857
0.18937858
-0.22059515
0.37722523
0.10335077
0.31579954
-0.44347285
0.50476295
0.41572638
0.35040667
0.24562467
-0.21953008
-0.55497584
-0.17559480
-0.21550239
0.13518998
0.46754504
0.50984788
-0.31580361
0.36906122
0.49365608
-0.12482906
0.25270406
-0.02022616
0.19149714
0.00000000
0.00000000
0.00000000
2.49757329
2.63430899
2.59155201
1.45005520
1.75164395
1.82980837
2.33398279
2.19933391
1.76932204
1.38826084
1.82725563
2.06137284
0.41831566
0.69908175
1.49891654
1.21510184
1.13895134
0.61190732
1.63986824
1.26309397
1.28314192
0.33862143
1.09840991
1.09884408
1.99792583
0.73926014
2.64824521
1.13348495
0.70680547
1.12009429
1.59670204
0.24352361
0.54847941
0.26336509
0.45100133
0.50247346
1.43501680
0.26638542
1.91363299
1.66450650
0.28152092
0.40213473
1.31608673
1.56097340
0.52944628
0.88471849
1.57774354
0.95519771
1.01954446
1.51625157
1.46851429
0.33570285
1.03419193
0.18526406
1.25357368
0.21858363
1.42404900
1.28259598
0.70347545
0.22477980
1.19484596
0.93070032
0.17306150
0.94149033
0.25559965
0.20987146
0.23889174
0.94337790
0.71657924
2.51670239
0.12042849
0.56150222
0.19521112
0.41748030
0.31575162
0.07252691
0.16835954
0.52298147
0.23138583
0.19207113
0.93371085
0.16635166
0.96813609
0.08275665
0.10208009
-0.05341333
0.91403520
0.16042897
0.37680533
0.12626341
0.53736176
0.08671856
0.16998990
0.16846493
1.07613990
0.00003400
1.43363636
0.53180685
0.90804477
0.06422526
0.08200114
0.72920272
0.01543493
0.73350623
1.08617472
0.66032038
0.06374219
-0.03014966
0.22796989
-0.03670265
-0.18921109
-0.06211060
0.43941564
-0.06413532
-0.35595408
-0.37317814
0.42921277
0.78587101
0.24236725
0.60686217
-0.09415873
0.34148382
0.18409956
0.43137068
0.64873898
0.10197668
0.08107843
0.02896521
0.09057892
0.14598941
0.20748393
0.08497058
-0.05516854
-0.07362483
-0.20967553
0.38512599
0.20999886
0.15328932
0.03000670
0.35928294
-0.21368340
0.44911672
0.01488241
-0.01362118
-0.07331671
-0.12981035
-0.20977178
-0.19858729
0.11950920
0.61413975
0.00000000
0.00000000
0.00000000
0.00000000
0.00000000
0.00000000
0.00000000
0.00000000
0.00000000
0.00000000
0.00000000
0.00000000
0.00000000
0.00000000
0.00000000
1.87983556
2.58593949
1.69877263
1.93353254
2.53788835
2.03142734
1.77373800
1.51497819
1.62951731
2.29911975
1.79535729
1.34428977
1.18953155
1.80676743
1.35953920
2.01248759
1.13036078
1.16674359
1.41016505
1.99423202
1.51574163
1.32019956
1.39040189
1.25603360
1.24856373
0.85398292
1.38776667
1.54460407
1.44851109
0.98191648
0.98965529
0.88820274
1.54087849
1.16650113
0.86104583
1.15656563
0.89666112
2.55657488
2.12606095
2.12606095
2.12606095
2.12606095
2.12606095
0.89146364
1.34805218
1.18495788
1.27714448
0.96363321
0.92916364
0.64975293
1.78854342
1.05184807
1.12877452
1.36361075
1.40540645
0.91937562
0.91285405
0.81590733
1.15465908
0.45933014
0.76853045
1.16063795
1.81254419
0.95222296
0.96417536
1.12584302
2.25386293
0.78182766
0.82632829
0.73081994
0.65486294
1.90494743
0.72817930
0.81403329
0.57512674
0.57963698
1.03034304
0.94765390
0.77842835
0.81934374
1.72703881
0.82378232
0.83604840
0.76181517
0.77958298
1.40972291
0.64783687
1.03413581
1.69405984
0.61397453
0.83005462
0.55172028
0.45467470
1.10152775
0.56342156
0.65620442
0.85290046
0.48160286
0.42808833
0.55957317
0.68836395
0.72410274
0.52625289
0.64048881
0.29326397
1.65407614
0.47090231
0.68368272
0.68051392
0.85143314
1.27952132
0.75175310
0.93530311
0.66624933
1.08812940
0.48614925
1.10744443
0.25645109
0.60009959
0.53152237
0.83418438
0.64848670
0.91907042
0.44391251
0.64359126
0.22787224
0.30422862
0.40362483
0.46542553
0.25753086
1.17289597
0.31270402
0.75012673
0.25492506
0.23960200
0.23711672
-0.33779841
0.01080355
0.69466188
-0.40004956
0.76208245
0.10083680
-0.16592411
0.97820353
0.01498757
0.05434150
-0.05584596
0.22529184
-0.33585882
0.67194005
0.26814581
0.26299942
0.54887884
1.19199646
0.49101367
-0.09307752
0.97389911
0.56472563
0.85964221
0.85964221
0.85964221
0.85964221
0.85964221
0.76658762
0.79488113
0.79488113
0.79488113
0.79488113
0.49239525
0.18878177
0.09168518
0.75593324
0.79836991
0.75593324
0.16091335
0.48381478
0.76870082
0.73126789
0.91875292
0.71483851
-0.03539391
0.38631840
0.45531658
-0.31410803
0.39555352
0.00482101
0.22726524
0.64717712
0.27718839
0.62892005
0.16371453
1.13437237
0.79744244
0.07349739
0.91173853
0.12042217
0.02619551
0.07640502
0.41750221
-0.08551728
0.43246706
0.22785756
0.00073452
-0.01504279
-0.00449224
0.01367530
0.56018649
-0.05234617
-0.06622761
-0.05934456
0.03907126
-0.12819636
0.00000000
0.00000000
0.00000000
0.00000000
0.00000000
0.00000000
0.77412668
1.01721192
0.62338288
2.78688857
0.93295926
1.04967407
0.63501439
0.74085042
0.68593610
0.92447184
1.02173377
-0.04757503
0.77882488
0.94485387
0.90101237
0.23105146
-0.02614819
0.34678165
0.29289981
0.21755963
-0.10681930
0.65152051
0.14999553
0.10837660
1.65796214
0.07046511
0.69240644
1.19064496
0.95377952
0.95377952
0.95377952
0.20886603
0.31212392
0.82864399
0.79046051
0.76251559
0.85625432
0.75159472
0.72925880
0.43557424
1.19519649
1.19519649
0.32163329
0.30194968
0.46427517
0.79882541
0.45115412
0.64603556
0.65571153
0.53662430
-0.15017200
0.63816863
0.63436999
0.52777078
0.62637899
1.08043487
0.93307462
0.04229071
0.04699030
0.48630362
0.66777609
0.48386929
0.76453674
0.69917778
0.72479527
-0.10137148
-0.16626843
0.06130692
0.03826407
0.35800610
0.62100643
1.68636008
0.71908175
0.74317508
0.04818518
0.65503738
0.04773908
0.01455732
-0.00644057
0.49065898
0.00346604
-0.02627165
-0.26634125
-0.04683352
0.48003547
0.54731838
-0.07059454
-0.06733287
-0.15950042
-0.07473671
0.74874011
0.01336031
-0.13099427
0.42483317
-0.18285024
0.40615873
0.10329464
-0.02545785
0.00000000
0.00000000
0.00000000
0.00000000
0.00000000
0.00000000
0.00000000
0.00000000
0.00000000
0.00000000
0.00000000
0.00000000
0.00000000
0.00000000
0.00000000
0.00000000
1.16506915
1.66555485
0.92032596
1.94325726
2.23079588
1.19021010
1.60083860
0.73048223
0.76379920
1.39959085
1.55985097
0.83564448
-0.14524436
1.08810313
1.23059464
0.98315226
1.35527600
1.07058787
1.08711950
0.94445747
1.45369797
1.28995493
1.05748026
1.09797327
1.23061648
0.60506715
1.44915030
1.12674746
0.86197229
0.67359810
0.46129427
0.78371712
-0.14705720
0.74852261
1.21372632
0.52791005
1.62481844
1.63695376
0.64924047
1.09106083
1.23119122
1.58605652
1.18105424
0.69634067
0.76171984
0.47162747
0.88350257
0.78469023
0.09009829
1.01143800
0.09104821
0.36936795
0.60435189
0.99911623
-0.08603551
1.14823045
1.18078882
0.59894500
0.46208756
1.25390010
0.50167045
0.93894315
0.80891237
0.92556596
0.12872678
0.72542699
0.87978171
0.58773344
0.75953057
1.04346070
0.66654346
0.99503397
1.04120577
0.46820484
-0.03451565
0.18977019
0.81378072
1.36088537
0.53375024
1.52427014
1.84763733
0.82939626
0.71924029
0.57363219
0.54966946
0.98846430
0.46495237
0.24093707
0.96030111
0.30470368
0.81758018
0.61326410
1.01952541
0.91458705
0.48292446
0.80957875
0.21392472
-0.05651599
0.95716142
0.52160679
1.13169015
0.64023948
0.24223558
0.55851014
1.71974721
0.38104820
1.44395640
-0.00259643
0.02975822
-0.06034971
-0.31434369
0.06803598
-0.05492534
0.65989842
-0.31388226
0.52542482
0.04168730
0.83901479
0.27559350
0.46067966
-0.30553924
-0.05807888
0.29408190
0.47022046
-0.02739616
-0.08724961
-0.05850160
-0.15381651
-0.25672462
-0.53621401
-0.48743419
0.00000000
0.00000000
1.81913922
1.04221392
1.57480533
1.80559625
0.85581746
0.74366197
0.58735440
0.21500842
1.01902381
0.65792077
0.18065134
0.28897096
0.46569409
0.44830693
0.39292851
0.83440061
0.54535721
0.22574406
0.53124800
-0.33805457
0.49272075
0.16902615
0.62425325
0.26195671
0.40079373
0.64979036
0.33829162
0.20790432
0.42896266
0.77456695
0.06572635
-0.00749233
0.00529158
-0.02367057
-0.00728765
0.00668650
0.54547083
0.86820612
0.50129351
0.08536107
0.09848848
0.14772723
0.16274632
0.80098124
0.08151589
0.99095136
-0.22322053
0.18694283
0.26668099
0.29758638
1.51725133
1.51725133
0.30647891
-0.18528707
-0.24137925
0.32619229
-0.10480089
-0.14242992
0.29946429
0.00244937
-0.40983001
-0.14879605
0.14101264
-0.33349572
-0.41128123
-0.18512680
0.00648561
-0.26438880
-0.03256175
-0.02868464
-0.16969587
0.00000000
0.00000000
0.00000000
1.15741175
0.50918967
0.91885832
-0.30935436
-0.68625339
0.97856976
0.96137829
-0.09471551
0.64023285
-0.84128376
-0.15053875
-0.41608246
0.22167912
-0.09260827
-0.07711827
-0.50965755
-0.17588848
0.79083198
-0.89342010
0.26202327
-0.26916946
0.27349631
-0.24413207
-0.92941322
-0.42750738
0.03566679
-0.35981070
0.08969995
-0.31272911
0.01582540
-0.37711233
-0.00304933
1.66941959
1.66941959
1.66941959
-1.13636038
0.66810687
0.66810687
-0.12482977
-0.05953330
0.42502709
0.35257794
0.36032111
0.36032111
0.42845188
0.36032111
0.36032111
0.36032111
-0.06791655
-0.01503560
0.25949012
0.25949012
0.09898148
0.23585974
0.23585974
0.23585974
0.23585974
0.23585974
0.23585974
0.23585974
-0.35950688
0.31322889
0.24872950
0.11064319
0.28054998
0.24404395
0.26544246
0.26544246
0.50197656
0.36372593
-0.90367821
0.31889375
0.31328433
0.23649786
0.01834586
0.34501814
0.36759036
0.50636333
0.05062252
-0.08134056
0.27791723
-0.81507468
-0.83666322
0.45690527
0.22910698
-1.16176638
0.44249138
-0.32876749
-0.30455771
-0.09463282
-0.54421919
-0.85036790
-0.88504971
-0.12083309
-0.84986126
0.26380552
-0.67207416
-0.66398070
0.25924870
0.20805195
-1.06411239
0.27022142
0.77238502
-0.95401022
-0.65557675
0.17323352
-0.72558240
0.04044590
0.37263145
0.17827576
0.12918109
0.18935769
-0.64794890
-0.46375055
0.76048178
-0.62441130
-0.74957991
-0.66976224
0.20881385
-0.65667836
-0.67007928
0.13647083
-0.70851425
0.61915637
0.59681144
-0.72855132
-0.73782139
-1.11371623
-0.72655638
-0.73044297
-0.76411001
-0.40281261
-0.37745480
-0.41595843
-0.41594729
-0.35917698
0.00000000
0.00000000
0.00000000
0.00000000
0.00000000
0.00000000
0.00000000
0.00000000
0.00000000
0.00000000
0.00000000
0.00000000
0.00000000
0.00000000
0.00000000
0.00000000
0.00000000
0.00000000
0.00000000
0.00000000
1.57994534
1.86602420
1.69267277
1.31034985
1.89640898
2.45633236
1.12738662
1.94999325
2.03911299
1.49176482
1.89118043
1.22627391
1.85380310
1.28385385
1.38104929
1.38090630
0.82370919
1.10130783
1.55312446
1.32749700
1.41237131
1.71233103
1.67620285
1.86028576
1.26271385
1.87113500
1.44043280
1.66180205
1.50552611
1.43413755
1.91430940
1.67471165
1.67471165
0.75351658
1.35782893
0.80407811
0.80407811
1.34006888
1.74604413
1.87177327
1.17521014
1.51957692
1.12135440
1.49232959
0.94100313
0.98356896
1.49361303
1.25240148
1.10079179
1.54018285
1.00802729
1.50015807
1.05875874
1.37852921
1.43005033
1.34103865
0.34235790
0.89884692
1.46334794
0.95874141
1.39568119
0.92803432
0.73494191
0.91922629
0.33351068
1.44280960
1.28478186
0.79574418
1.08525280
0.99899322
0.84615787
0.78045684
1.31175826
1.09641872
0.71984412
0.49846444
0.97232138
1.06293067
0.81090940
1.63259856
1.01147951
0.87703861
0.37966511
1.61327062
1.18030115
0.80372027
0.51026875
0.46481168
1.20144757
1.21520691
0.20178810
1.05381873
0.59101530
0.74135316
0.54544107
1.00561302
0.53744857
0.21632487
0.77999466
0.00804877
0.51899883
0.70105410
0.32404403
0.62818320
0.61479817
1.32893217
0.56068129
0.57949563
0.49719685
0.41089388
1.37481751
0.49928395
0.13627781
0.82724011
0.57065552
0.51083323
0.56821041
0.83565267
0.46635382
0.55549978
0.56094902
0.73756874
0.53852978
0.05242302
0.16404980
0.82032327
0.56909233
0.33378849
0.46951661
0.33948085
0.21182768
0.61711252
0.64066952
0.45064995
0.44670250
0.33143246
0.66979357
0.12202922
0.28341658
0.45426042
0.33712499
0.32083660
0.28400281
0.21183703
0.52670974
0.28271785
0.19894324
0.78219702
0.50454817
0.50176680
0.58823165
0.25480536
0.24696977
0.31170969
0.44923365
0.59999094
0.05448885
1.26714109
0.31745368
0.87055593
1.04027870
0.77086996
0.41359918
0.39076600
0.35756735
0.12833962
0.59435652
0.16563121
0.54405686
0.17474014
0.57361197
-0.08393035
0.14359279
0.16080378
0.46611437
-0.13008575
0.26682655
-0.23540721
0.81012010
0.31875845
0.79422579
-0.02925390
0.35786035
0.18747086
-0.01984472
0.52437556
0.32287239
0.01806595
0.10747759
2.05947372
1.07159372
0.68651527
0.68651527
0.68651527
0.68651527
0.15775289
0.50185839
0.50185839
0.50185839
0.30256548
0.40236355
0.40236355
0.40236355
0.40236355
0.40236355
0.29244316
0.34461403
0.34459703
0.30927428
0.30927428
0.30927428
0.30927428
0.28670677
0.27174474
0.27698783
-0.13717361
0.22632271
0.77148269
0.24958937
0.31307469
-0.04100014
1.80003412
0.00000000
