## RankNet
## Epochs = 150
## No. of features = 46
## No. of hidden layers = 1
## Layer 1: 15 neurons
1 2 3 4 5 6 7 8 9 10 11 12 13 14 15 16 17 18 19 20 21 22 23 24 25 26 27 28 29 30 31 32 33 34 35 36 37 38 39 40 41 42 43 44 45 46
1
15
0 0 0.03765207521543636 0.08606997573179695 -0.05849088254096978 -0.06941033254885663 0.03524654660350305 -0.021536514843374904 -0.004204614801920845 -0.07600998773385097 0.05120955087688614 -0.053953191666068635 0.03719781073216624 -0.007649808169429208 0.07660131855852992 0.019452865110941426 -0.005154369182740198
0 1 0.008851598542056572 0.07271936905612658 -0.02192197342885117 0.013348264556735746 0.052223575091424106 -0.038523345128204316 0.017237703201989057 0.012587955681401865 -0.013254200461484726 -0.05950324471202809 0.060733805400727224 -0.05269115621754913 -0.07799673471349503 -0.023147999673288944 0.06098851432867277
0 2 0.04082304737714205 -0.04913793856867305 -0.03787305258667237 0.08651887308585403 0.033528949275534646 -0.0029941516868551028 0.009097221296488834 0.01612969738951287 0.07432500192092996 0.08498694361976555 -0.11599690535636922 -0.15263658125886695 -0.053613996700833416 -0.013562539021411087 0.005598719786900918
0 3 -0.08791819607245967 0.09837248539369876 0.018282046331498148 -0.058678812348228825 -0.06329145144484713 0.04018601420765108 -0.09720022424290257 -0.04001467953520577 -0.024907374215507396 0.0016449303242663529 0.024422367270276166 -0.07991848046742774 -0.07678755395534832 -0.0011940783477421332 -0.006298156936692591
0 4 0.0691929297011263 -0.02112336914653558 0.056419832983445696 -4.456102937432102E-4 0.06149341614042012 -0.05666122076371523 0.033049047139250866 0.0405672015778727 -0.07704868810564128 -0.0641692186400194 0.08350205227245676 -0.05379094223560628 -0.03717571032822241 -0.11029959861054925 0.028390842937078744
0 5 -0.0897882953286171 0.09318089485168457 0.07421427220106125 -0.067225880920887 0.06849606335163116 0.0657484233379364 0.08941749483346939 -1.8810034089256078E-4 -0.07901692390441895 -0.04210800677537918 0.07390131801366806 0.09592454880475998 0.04166287183761597 0.05906171724200249 -0.03785262629389763
0 6 0.0760752409696579 0.07719449698925018 0.0026523054111748934 0.05744979530572891 -0.09269805252552032 0.0939779132604599 -0.05003780126571655 -0.08955526351928711 0.05272243544459343 0.0759473443031311 0.0587150938808918 -0.07117535918951035 -0.04711444303393364 0.026039760559797287 0.08834925293922424
0 7 0.013480442576110363 0.08333995938301086 -0.09955255687236786 0.06790713965892792 0.03152615576982498 0.061217207461595535 -0.0697859674692154 -0.0013599395751953125 0.06028915196657181 0.07687830924987793 -0.004366689827293158 -0.038910847157239914 0.09522835165262222 -0.0873136967420578 -0.09480950981378555
0 8 -0.027520526200532913 -0.06130548566579819 -0.018851984292268753 -0.07415889203548431 -0.09444423019886017 -0.05824630334973335 -0.05693189054727554 -0.07796257734298706 -0.010561073198914528 -0.05179633945226669 -0.011651748791337013 0.05236434191465378 0.02646726369857788 -0.0808231458067894 -0.013835865072906017
0 9 -0.08976346999406815 -0.07362136244773865 -0.02833915315568447 0.059736110270023346 0.07727333903312683 -0.07527138292789459 -0.06086722016334534 0.08899085968732834 0.07612190395593643 0.017459619790315628 -0.07504352927207947 0.05009249597787857 0.011171889491379261 0.08909261226654053 -0.0029501437675207853
0 10 -0.08132848447165007 -0.040706807798205756 0.017463292957029638 0.035016376951276816 -4.753685720956043E-4 -0.07740962083681624 -0.06533699796998496 0.0657892681788009 -0.03091469843118735 0.04885782744727585 -0.08777615399659867 -0.11886190571607357 0.08940254561727846 -0.07530631884632258 -0.0410843423097888
0 11 -0.012795024020197842 -0.08248379869871503 0.018356041058417687 0.08447888416250286 0.04999066005570677 -0.07559379501657126 0.063122511068743 -0.07505445545063548 -0.10849701122370524 0.04527773367190484 0.03326311135861528 -0.11323081247574557 0.04761891152047482 -0.06609515873050072 0.0975395403986776
0 12 0.05893182719066318 -0.013324187680570757 0.07535701862934378 0.05676276450028533 -0.07258325396530017 -0.037454733982912776 -0.04457270638438288 -0.057764013977318514 -0.07992835341687483 -0.0017764816088630105 -0.034180577551256704 -0.08245547369099777 -0.011295096762143094 -0.13399085722242257 -0.017427446856815174
0 13 -0.023562573459305715 -0.09916682084071096 0.02550500577535878 -0.023197241042037624 0.09734921170878437 -0.09000500277689696 0.07372769407527671 -0.04766710494819077 9.710729045450042E-4 0.04400139730425764 0.017674420047425216 -0.0218658956473651 0.07064912240555739 0.040787643635516735 0.06554089817624244
0 14 0.09063212914235007 0.03761404581715172 -0.0024237069827071937 -0.009910868995862724 -0.08790008359952733 -0.020628120285829287 -0.11013562892247199 -0.03001222356514362 0.027093699428393674 0.05660838655013829 0.08425765541012108 0.028356397415326764 0.05445974223352066 -0.11307381900099138 -0.004539756679367603
0 15 0.06759942550284384 0.050711244394170935 -0.03738860403464475 -0.07452076546450151 0.045738925784143646 -0.06197772380796299 0.09128446846776171 -0.07723972278069698 -0.09261541373960702 0.017978138187429993 -0.009715724323388944 -0.03767868266042883 -0.07076850455145266 0.004830792101286047 -0.01820961518816452
0 16 -0.020641331173997583 0.005660870059093507 -0.038931198653667384 0.013097380930482891 -0.059646861790931066 0.010952886826183861 0.02880222634106123 -0.08655448457402064 0.060298297036775576 -0.02338421707292965 -0.07468684334286517 -0.07471239812797188 -0.08048389478451068 -0.07332092841535102 0.04227638608735379
0 17 -0.043465282322876136 -0.04675583635461994 0.010096946809506829 -0.07419312504782019 0.06637881257826812 -0.09521014584525922 -0.010760101521184697 -0.02755002936934387 -0.032570911953570245 -0.06804288888971186 0.013580304451035417 -0.0950713927179668 -0.028447389283772898 -0.007583160436509252 -0.08871488283511367
0 18 -0.003418951334372305 -0.0332627141821703 0.050835083386119355 -0.03444891873459164 -0.07074795135396654 1.818515075119781E-4 0.07613439911646899 -0.015739606931214054 0.025352821392205977 0.07092300465953909 -0.06914174274305128 -0.05247055450522334 -0.04777785950869575 -0.03138757189935648 0.002022779069350467
0 19 0.004833965215705441 -0.03511703086542868 0.06775787668032608 0.02589423542928838 -0.07305580678846994 0.04268924883149216 -0.034376093656579766 -0.08739623941257323 -0.05537833648923798 0.07215901546788203 0.043360346115468074 0.027548882766829062 -0.039822779228917214 -0.015003241332671046 -0.05292839881620812
0 20 0.08017470922856977 0.01525751590037077 0.09334335093537753 0.16734496098917326 -0.04387907892382145 0.10347199717209743 -0.10471443513237834 0.06864478145904865 0.04577691086285814 9.363436887672922E-4 0.014273028147901304 -0.1605370842874764 -0.060425441635981854 -0.03232118288693709 0.10929224135922254
0 21 0.0853792406651755 0.04687404535566236 -0.028075933016969343 0.10969266091061253 -0.07141096601624715 -0.014946283493749397 -0.13422147581930768 0.12338309529371337 -0.060318972360857134 0.05232378059870401 -0.004713703620471706 -0.15892569309895363 0.06877461033740365 -0.1320182473577826 -0.007124343011174288
0 22 0.04259711205110967 0.022289470245089413 0.02564390266112467 0.10592625392605626 0.026919671168317012 -0.04053623445597234 -0.15217852315345798 -0.01035506105252671 -0.11681860324327575 0.08893253513153318 -0.05814512517858381 -0.19882495872562184 0.0304878042045748 -0.1011008644758275 8.176806600705672E-4
0 23 0.08267568294630974 0.06708405425494604 0.1088761806104168 0.18500709429514633 -0.036773255147560246 -0.03760811938132357 -0.13234736278859918 0.12743768089000646 0.04089881387966211 -0.04682068131968286 -0.11866324085588453 -0.16679176362025128 -0.015715864896952415 -0.09600673885027078 0.08206968576033757
0 24 -0.07629251840158754 0.08472068352758713 0.061097631748047374 -0.02555498964255255 0.032188817114161786 -0.08567793678211823 0.011697950055767773 -0.009773845984255009 -0.016837523787694177 -0.06788538044898751 -0.01873456679829781 -0.07089904114869047 -0.021196670473293044 0.04054849866297918 -0.002187542015818104
0 25 -0.09935662749075268 0.06436107769783675 -0.02316754805328697 0.05916722530160585 -0.09104604932743764 -0.0548983291119005 -0.06285756811610511 0.07725541472550498 -0.021224578304163896 0.03553183297506911 -0.11818150877482049 0.02393678148750468 -0.09740871257262075 -0.010586263540782022 -0.05709247324504191
0 26 0.09016382636352442 -0.08976685207477839 -0.015215305210630048 0.13082681948626876 -0.03815493650025443 0.07871141514920965 0.02219296284507867 -0.06453924788847348 -0.02180035042739066 0.013456871607017 -0.031133928951538898 -0.08181530447752755 0.06726480590975512 0.044865345317194605 -0.004824074602362497
0 27 0.003691052563138852 -0.006968819112348673 -0.07703546634104276 0.07455735831305008 0.04072445012441656 0.06594540781009221 -0.13956366013882654 -0.06801923202247902 0.024393128537685292 0.035680832302248625 0.04189153332291585 -0.08094926461555721 7.219146355706389E-4 -0.11034322764508674 -0.04112751085238697
0 28 -0.017474678496646502 0.03455160382842018 0.06929506628658871 0.04606728670074237 0.03903977090460446 -0.08493914332452954 -0.10082144619894724 0.06235477012114148 -0.09534905896330578 -0.04626118598909468 -0.05236981945583969 -0.12276462489189358 -0.09569936051364818 -0.02298522917464613 0.004647282313763535
0 29 -0.09293487569702247 0.06938754166520743 -0.00253812731384486 0.07193511292732477 0.06589259627178301 -0.09221560737620682 0.027422842870897867 0.08617523836088448 -0.056670217620266895 -0.07319474516776518 -0.057864632926440285 -0.07090498619170864 0.0598821688322627 -0.011839148013398589 -0.00850270329110056
0 30 -0.08300964821119623 -0.053196016565966266 0.027561311278805456 0.1343160010643865 0.013605378448728448 0.06168799131117522 0.034637793496340774 0.05165062758353188 0.07526018206744357 0.10207091272548546 -0.05980078608734484 -0.07072014548569262 -0.08608560959514534 -0.07764239401952601 -0.011238415708217288
0 31 -0.05613451068615486 0.048492275538308795 -0.06540324204139132 0.04343381627818517 -0.0031976129240857834 -0.005437874855022805 -0.06047503049956231 -0.0014743867031493613 0.009912000771886665 0.11155260338586977 -0.08902916874250134 -0.15572599109449273 0.028772712141690162 -0.10237017803396817 0.06370418297770074
0 32 -0.04363886982736458 -0.03079127702628922 0.08914019304892745 0.008457541969434731 0.07726761403609378 -0.07858815745284752 -0.052820133182915716 0.005691611393627501 0.0273239466594937 -0.05574079096107293 -0.024969552657522782 -0.04032276504160582 -0.04822807975707037 -0.027186052525163512 -0.07809252801112562
0 33 0.09222488607133891 0.08953096863272457 -0.07543588365020125 -0.07032056740353221 -0.06594693079811066 0.06873953700464852 0.067314585206421 0.10398339030352656 -0.019322128194217556 -0.07185209290040043 0.002443539538147229 -0.09021757677344609 -0.08373937154236377 -0.08622703044222532 -0.07511601917206648
0 34 0.03754710025928364 0.03315592026058588 0.023870937717054026 0.025752414844037504 0.10005320173096804 0.036100670244364814 -0.06840454316918282 -0.041550916917555414 -0.09061969962737124 0.030402641238851526 -0.06608102359041963 -0.05257894376476924 0.08685230435667755 -0.06759861034281088 0.06487370664137228
0 35 -0.07417066849354906 -0.09046886091385468 0.06451285062659291 -0.06808596547233804 0.06699104948038262 0.03712074111180252 -0.08707887172530202 0.00822307647820999 -0.07885666130835031 0.05093915083508984 0.06292900332193684 0.018554362746977384 0.028478328340405767 -0.05113476092596314 -0.09698442877410425
0 36 -0.09919216698620173 0.024658445921405665 -0.06165122926779768 0.08216031353172742 -0.06019143899865017 -0.08078048952456288 -0.02820206214387896 0.11983113509791071 -0.014750274363112733 -0.056202902343534956 -0.131029573825841 -0.118755815318668 -0.11530173028687751 -0.07748039418407501 0.08835747740837033
0 37 0.023639662332780854 -0.08283547106805247 0.10012243480609324 0.15424649873682175 -0.008976226244400547 0.06807414895542158 -0.09850639388730621 0.1439144125530602 0.01752806243983798 -0.04845198686906704 -0.13449861955464007 -0.06190134979278232 -0.08655773453825157 -0.16959812064258192 0.02758793444896376
0 38 -0.037724789477513135 -0.055290451531042596 0.03761465736397299 0.01850322015200391 0.10449374710369755 0.08863759870280473 -0.18764919849210857 -0.020254314869979983 -0.023082692030669635 -0.05181841978410295 -0.07906537367559256 -0.19613216593062094 -0.02773602272887299 -0.0415431569918603 -0.028004451327354567
0 39 0.004148117596093243 -0.033678395728704534 -0.04535895776890411 0.14228277033939019 0.019761715737160616 0.07873393588427254 -0.1850600953116706 0.13459890199155106 -0.05267004395132521 0.06349179160128271 -0.14744078530505805 -0.15836265289737225 0.05434209623497384 0.020492315882619756 -0.010886329560526257
0 40 0.01007800103391837 0.02842207526279315 -0.08087492271939879 -0.07659972877324772 -0.09468185470815026 -0.040899695371350075 0.025088533990545715 -0.029991595601147177 0.09054192942282305 0.07164236981387155 0.0705691096512558 0.04877660175861783 0.07043566652195024 0.102981548413955 -2.089630415846154E-5
0 41 0.05415748828011716 0.10121599657488103 0.08487126032316865 -0.07242448678605633 0.04875963705675074 0.001793484829122555 0.1069298957994602 -0.09775683082719797 -0.014630934832955146 -0.007921020354646632 0.02026161110350048 -0.04588417372348529 0.03693642479580013 0.09182536480589351 0.009397722251068918
0 42 0.005484289024025202 0.04844921827316284 -0.011400860734283924 0.023240577429533005 0.046164773404598236 0.03540147468447685 -0.008394581265747547 -0.029724860563874245 -0.06219158321619034 0.0386602059006691 -0.011733686551451683 -0.008354848250746727 0.008189624175429344 0.04272865504026413 0.07498382776975632
0 43 -0.08669506192430669 -0.09241073546045266 0.04373144261831553 0.05783824246655275 -0.03542814967580951 -0.0680747119935702 0.05032294231428054 -0.009279573482587043 0.002349620693196934 0.04883274464215567 0.05698817039504696 -0.023675024890225826 0.03591348339015176 -0.006648810995179913 0.04599270454805456
0 44 -0.03529235254846861 -0.06701256718108799 0.0012289007827188878 -0.0374398590312506 0.07299653130551088 -0.09706815604906041 -0.056595205055450466 -0.07938829987222147 -0.07360718835178795 0.03135423572679917 -0.056382577815138606 -0.08210528268166542 -0.04877857204153409 0.09621432808367518 -0.08159879588540742
0 45 0.050697119412681804 -0.05195561320948961 -0.09290687984138214 0.003602551536881717 0.0744267188674074 0.07382502070036137 0.09678833305251856 0.0992934258821975 -0.09464426490489908 0.040447987886104576 0.09494510186341101 -0.04957627680306789 0.09668190491746086 -0.053494147614834085 -0.09961347157157882
0 46 -0.06101882783878841 0.07404718615093672 -0.07752531743340116 0.06610178992899796 -0.09231769240849745 0.0447590528011638 0.07595603143868562 0.0909079579398681 -0.01131355023442234 0.0743614507491711 -0.07611461596325762 0.056071683371848244 0.054777287300956996 -0.0700289795854996 -0.07451218509116478 -0.036143617887942785
1 0 -8.852333792651128E-4
1 1 -0.015776419735824616
1 2 0.08546968128170766
1 3 0.39661306159042126
1 4 0.02683292676923078
1 5 0.013715457415582001
1 6 -0.38967247061167054
1 7 0.22084322093628816
1 8 -0.11463218417188678
1 9 0.04892298548048572
1 10 -0.2758754423751178
1 11 -0.4874721464294293
1 12 -0.10567364899043225
1 13 -0.30348928508381334
1 14 0.06377467585020802
