## ListNet
## Epochs = 300
## No. of features = 46
1 2 3 4 5 6 7 8 9 10 11 12 13 14 15 16 17 18 19 20 21 22 23 24 25 26 27 28 29 30 31 32 33 34 35 36 37 38 39 40 41 42 43 44 45 46
0
0 0 1.3917151326262225
0 1 1.2677781297333681
0 2 0.9243456393245817
0 3 0.8767817012029872
0 4 1.4301419428778366
0 5 0.09992693364620209
0 6 0.019663309678435326
0 7 -0.05842166393995285
0 8 0.05923975259065628
0 9 -0.052460212260484695
0 10 1.848829414492279
0 11 1.3527883740549718
0 12 1.1085761753262244
0 13 1.039143501201616
0 14 1.9058468595806517
0 15 1.1964667229044332
0 16 0.572972479874271
0 17 -0.937802998238771
0 18 -1.6979871418703452
0 19 1.1219632917902165
0 20 3.3247447893014606
0 21 3.461780676160124
0 22 6.61462669213006
0 23 3.7385675556959943
0 24 1.782141783874747
0 25 1.910945977123405
0 26 2.0198162052188677
0 27 1.7629265127700549
0 28 1.2275838921135371
0 29 1.3272253044864273
0 30 1.496638730939491
0 31 1.3972127181590113
0 32 1.1597189460344883
0 33 0.9532029145060865
0 34 0.7857031408226015
0 35 0.796398223500217
0 36 3.146404428009476
0 37 3.482960947301514
0 38 6.395905904477697
0 39 3.81726724841769
0 40 -0.25498330546666326
0 41 -0.048887249094709
0 42 -0.33845043141128794
0 43 -0.9659437566264019
0 44 -1.4212242456284843
0 45 0.04680429771542549
0 46 -0.04883671551942825
