75275.6886460992
-53148.1589127470
44306.0570269075
44186.4579365819
38960.5879089368
11143.1623740868
-40735.9172766421
-108668.8502660171
47410.6915622687
-28201.6577218109
-13837.2278046005
37271.8938717812
27582.9998033649
-37013.1799976975
30369.2688000340
-59150.3858775991
37632.9820353193
16931.8299001526
29980.2429335857
19775.4303567931
20319.4500564800
50793.0732662420
-39603.0683615710
52205.6199385416
-26800.6238364217
34364.0863102271
24163.5149116814
-4196.7778418372
-28137.8118721761
6125.8108856728
13802.3459638981
42448.2592398442
18776.0427039246
29274.0631482671
-29247.8603617835
11816.3251190489
1888.7604520320
-768.3597580090
-7706.0287734758
31417.8565895417
21755.6797751710
-87176.7128610468
-88553.7894798170
20428.7750368650
-10778.3316343230
27701.0461144866
-773.0633426004
70748.0742383702
-63964.6118115120
-10224.9744427042
13141.0985822912
-1126.6590615205
-85857.1606385051
-3017.3644992591
-9646.4211375674
-89070.3629939714
30092.5757454132
9036.9881810012
25757.9772005922
26764.8287435576
24786.0130028117
-69980.2850774013
-46645.3079720269
63371.4935519524
-24260.7507828036
-50607.1660258751
44379.7981432760
2475.7857169855
24997.1233531536
-12004.7441864145
-45747.0292786324
41398.0121001356
1910.2173115913
1932.9270332369
-23533.8355467398
32181.2854348412
-24649.4738125731
-37804.4933939741
-7127.3171688074
42274.9737181007
43531.7991883725
69069.2432581338
-19483.7698896964
29078.4561978814
22694.5445281159
1672.9558155895
-50968.7840752077
-19911.8109935352
7034.1912833830
6255.4625234804
29745.4743260055
31621.7056644041
23855.8964470222
-35958.1233387064
-28177.6715621924
28206.6870001768
38994.4739752594
52409.3785889497
28574.8755750093
26447.8841123270
1996.8274065659
43800.2499875450
9745.1077103738
1073.2005979153
15572.7740716187
23331.9073300520
-67228.4584755636
8448.8504188753
-108761.2229308836
-66570.6844746559
23859.6435234250
19598.8651217280
13874.4252081394
21833.3553668487
13909.0618171359
-19033.8427472750
-42308.6692244383
3658.5000714088
2871.0501751591
-2333.0044555305
-56139.8841559805
-45512.3328869613
30044.1443022955
28019.6863131109
36454.2586503990
-20953.2459021571
26175.0408375213
8707.7010723302
10592.8359415960
12892.6244863497
35260.3750656621
30228.2366653759
46245.2568766154
-8164.3448308150
-71399.0132199852
41654.5292781575
-281.2679620066
-46424.2985813218
39840.2344746313
20301.8559963441
7862.1761285431
-317.5813994115
-52234.5340510890
-14625.5475413654
-30753.2252092414
-19370.9798243315
-19568.3436962084
25790.2499461533
-56965.8704084903
-24848.3002454396
19989.2618825481
-1728.3129448536
-59221.7430192521
-6937.1454995536
16606.6152624771
-63556.8018063037
-10849.4662112189
-20720.8224615599
5473.3114237354
-69058.2113502827
-86786.6371197494
-48517.7705017295
-15972.2517510279
-69320.0370105624
-30352.0672278108
-28973.5644614730
-24118.9730710243
33040.4050934957
8668.4873254456
-29946.6223111460
-64082.9807376590
-13809.5034931676
-111284.4635863471
-21178.1891030706
23053.1019716329
5577.4029728573
-111287.2728524922
-64908.2883656444
-11394.4477341222
1409.2957948059
11880.7079694640
9421.8686902827
62898.2832186447
39457.5777431233
14419.4913332775
-99061.5395389669
-38364.1497678227
24320.8918636072
-26210.2067436395
29309.2043566091
-5264.7383929398
-13235.7230511803
-26515.0919411472
-31544.5277100380
20405.2897557936
42649.3808149103
41412.0579534050
31824.1834998069
30846.3709204935
31527.0863396018
13553.6338097162
-93894.4294479911
8681.6967953261
-3729.5482931561
15603.1291472434
37152.9001257056
-81251.0330444123
-4182.2194395185
-24260.9594144412
22377.8742740596
-2573.9605052942
-7973.0429722359
21226.4303676369
24633.1791175209
56419.5822945916
30649.9507833115
18786.4663573473
23101.7822485292
18395.0886691590
24992.9687311499
40328.6280343545
-31449.2333504322
36120.9648335094
13895.5213873235
43148.5571518157
-42261.2103082140
30118.8016837222
38467.0288431626
36268.2203702751
2897.6228925555
29221.1784824568
-25706.8036761245
20913.4732657819
8569.9626811123
-85577.2070982691
39271.2130093818
-4389.6668586730
20950.2488594792
-85918.6911784468
-5957.3300479367
-4033.0905476952
-44354.7903257902
35305.8818529196
30514.7700775100
43865.3476685130
31939.1300593585
27687.8545196746
29124.9391515081
-38000.5167556115
23647.9003232695
31500.2869068193
16762.0353591710
10667.6178161044
918.0179149793
64633.3939099091
-21371.5484282230
50702.4866581576
19745.7711352837
21193.5509069098
-956.6336308552
24568.7519276154
35188.1380706921
-23160.5930291596
14095.7539858121
9363.1441315549
19476.6977111055
-21083.7457886795
10955.7291603366
51322.5862704195
29269.6712704418
-6893.2135404282
18898.0770462048
4588.8283252989
32195.8945624518
36381.3139768859
23336.0892021374
-2448.9105022263
28111.2669470911
20805.1623250429
23487.8816177851
20642.6567667758
1421.6441589600
-50001.1295516706
31741.9869888995
-26959.9837989263
6250.0553192951
-1829.0133453205
4190.4256283756
-11151.8065243207
5933.7434531727
21143.6776040188
-31257.1834187839
19967.9390594750
26015.6343528226
9127.3095246991
-93484.0617447337
20871.8097768793
31431.3198580168
-10270.5964729771
34406.4356888072
1725.0749680713
4304.9212767187
57900.2193870925
20573.3864191885
-3894.2799585894
62355.1033619876
50978.8198011043
6592.3878094301
52732.9473193140
27239.6869923675
-19192.2302777803
14041.9647613788
27111.5126777630
24321.7915349083
34067.0668448107
50458.8062822096
5544.3310778981
2465.6209144147
36036.1151763771
-39545.8930747455
7637.7417668416
19551.5989992365
6764.9492625323
-21936.9052944169
27933.7765567514
13552.4665300487
30171.0835565031
-13573.8502779601
-60614.4874174881
-1426.5718151472
-7171.1616746057
32717.5192764470
24558.0974244387
63810.8732108762
-52291.4304724806
17407.8462109835
48417.6000384958
-10900.2906908137
-25456.3302117606
-88729.1005862022
-3094.2255748462
-6476.5398106894
-15890.1457860902
-11410.8783772746
-24711.2798579928
-41151.9850940822
22366.3913551631
-30562.1079296930
-11641.9742758644
-92174.4774259927
-23884.6409865136
-58578.4259564750
26226.2376228963
44423.4707882095
13805.2737497766
17078.4422211452
23576.2043310146
13178.7897480193
33624.1630749580
5640.7602207780
59077.8693968764
65634.5957442439
-4852.4089394859
-46938.6114289727
12772.3660911268
8310.6231103447
31573.4435410974
39852.3332453282
8259.3322836982
22177.1389397954
-15694.3135688333
20924.8892831939
30960.9106180289
-85691.6919471443
-97502.1230144460
-31950.9471345301
-20605.7487991544
60893.1296701715
41627.6510780515
12069.0821206533
1524.2851457596
6503.5528245919
580.7371261091
1036.5311617013
-57012.8904928203
-6383.7600597298
-80712.0086800079
14109.7237089558
19051.9531885240
-81581.3078105532
-66688.5420471984
8764.9071814209
-64663.6257260274
-24016.6924859570
16158.8672259529
-40456.0599079947
-42922.3264485311
36422.0544993170
13380.3693389855
-5209.7463124580
-41742.4863241958
27060.3264521771
70013.1029705202
71025.4886003289
2385.6590616540
25167.9215339636
43860.3507835527
28093.9555098338
3150.5027458090
-69059.1289749726
39032.3326449479
98.1652357718
58149.0251432276
27423.2542471067
22106.8965143006
14331.9184052355
6947.9393623487
42573.9414031587
34128.3859382546
14851.0711223492
-1136.9109779060
-9259.0952335456
-53577.5967908569
-60468.3407527430
-8592.4567334440
48016.3482125708
18655.6421727625
-31786.0606802869
24204.1142690779
-82956.9256102501
3787.7767090534
34243.6580071527
-19646.7963739245
24385.6797441983
65278.9237108516
24470.4905536757
24664.9294214478
24976.5027651748
-69096.8120593504
-19520.0205937116
21822.7093960984
-15706.4915460018
35622.3249490773
9583.8364918474
26124.1997591531
-90304.9267041584
15031.1651515114
-84201.8843449681
-13175.2359728453
-45969.6809833424
-62680.8450770915
-70056.9627710323
28164.5159774214
-3910.8981559722
5628.4642837957
12748.7755771868
18860.8040380838
-9049.7755336011
-8180.2640671170
-64463.3017432180
-14037.2092420892
-16835.4625892971
-19198.7694511349
47086.0610597347
12926.3956039107
-26195.0360323845
28322.9028049117
-69785.2571858504
-70855.8185247431
10919.0541866278
4813.4246082248
21438.2210199279
-62330.8758609340
43818.5196023107
37431.8572444230
-7267.9296113596
-60900.0502933333
14756.7074553892
-51432.2888633599
-3583.6658041896
-1011.1192901641
12586.2672061182
43740.6803177379
-43067.2333050358
62271.4223473259
-3334.7195829562
51134.8635641847
-2630.4042076748
-2756.9355183737
20044.4753263765
37049.8278563585
36002.9841383852
32970.3164480156
45637.6444565349
37153.7825376456
22354.1579044524
5992.0712256624
-15442.6338272806
-38935.7020041395
-9616.9406389551
84071.5168704907
-8966.5279544285
5943.1521293902
-47919.0305780928
32450.2600806213
-45728.2135414328
-74300.0340869917
27194.8373376659
33890.3029972927
22843.5654894415
41471.2523006844
-22040.6969276824
1770.0038908726
-112781.5852985932
-40842.5113350098
8229.2470639892
15015.0825306269
32211.5491817659
22684.7178611019
-17417.9787873206
31049.4024616300
-2943.3652434531
32619.0611711388
1234.5941536849
-19308.6575998938
44052.1155242550
44005.7227746055
-106802.3865019587
7226.1383544378
31968.7279614060
-11364.4009055263
46227.1978788496
-7783.9612734080
-474.4641073742
12972.4369933233
-21967.0420071767
10953.4219815946
-16834.2453875888
10318.3015899976
13176.5556242394
12285.8765484820
37053.8374585731
59293.2263952469
-62344.0650105131
26016.0168533594
-38965.2799778959
-19559.9308872983
43522.1306395056
30029.9554444411
49275.6074331492
47923.2894768785
27259.6975966023
16642.0164299678
3652.2248854282
24950.2178200383
-82375.6953952555
-60298.3537770900
34966.0579943699
20518.1644088915
-7479.2612654276
-33999.5863067091
-4589.2046148317
-35132.2289391587
-64335.6953398212
-43936.8397578912
-43936.8397578912
-115683.6633138882
-19093.8507734581
16478.0098703021
-43936.8397578912
-63678.3470425225
-121652.4380485226
21179.2981976268
6653.3271355434
9937.3685708603
-20309.5811913895
53299.2424244811
43224.7763731672
8667.1365905834
19875.9891615231
467.1922079095
14334.2900223310
1500.9472180386
7782.2043241157
-6540.1049367007
8793.5210423699
-7906.6463685341
-8639.8878111787
-6177.7241012521
10511.2799495379
-6902.8461217866
9501.1855118079
13240.1964249459
-13090.1496118560
-15874.6137350526
352.6891986750
78.7283523509
3871.6037925045
3506.2880946408
-4145.7844597466
-3011.1727502892
-15812.5140427684
3203.8620693771
-11516.2752830600
46570.8961649191
49190.0006057319
55139.6293997563
-26690.8409932709
-102380.7520588081
14866.1741716349
16322.2413390671
43950.4136054711
-13101.0368560491
7383.5861458442
769.5140948574
3893.8585604025
-112511.9553592243
34234.6462735438
-20869.3739788204
14429.3407270070
19607.4305775099
9744.3541463695
-15777.7292888009
-3405.6163402002
-36443.1676114412
-84194.4944656386
7190.3875639371
-6927.1610478120
22588.3811837171
-17515.4431717161
-17788.0989075874
-9288.5093402483
-54421.6284295350
-49593.4056018654
49096.8588083223
-12218.6539211273
16818.4620062282
11148.6858094913
-67681.2063553601
-70717.1173895227
-995.2816957806
6290.5184102877
15194.1198882208
-27846.8884378613
-8436.1586355602
6055.8253657800
-14910.9448314040
10004.3768706641
4500.9497658432
19531.8369608752
18312.6365232169
62627.4777602411
1331.0255837210
-83126.8002295169
35380.7403000288
11526.6562056520
-8825.6630611519
-13425.9690141929
63978.0397580634
26210.0532710962
36507.9247769569
-56298.4057179537
19659.0201210548
24295.2788915232
46772.9426476845
40319.8634449293
473.4344795114
-7095.6154813388
50217.8324193260
-61204.6282116243
56898.8872271649
63962.0797329035
-42124.1201672769
56284.7513926915
-23018.9512302082
22087.8606936579
-8132.5017439371
66834.3035386803
-32823.1583339143
44065.7337678335
48888.2563787340
-48298.1265851925
45371.5809005850
47402.2573275744
28517.9928266577
14211.8119367248
38456.1164519319
-6084.5872014642
22714.7834298128
-45697.2434558870
30343.6634155816
11320.2016681546
11395.8559166504
25190.3692990550
34969.2807464386
34945.3598574078
40878.1119943056
1202.6073046396
32118.7128001276
50088.1488144542
48205.3950964040
26483.3079982122
1205.5697390967
6238.5397421089
28495.4325565064
23284.9374871167
-45359.7671217773
-22393.7346857933
62229.8511083200
-6575.7843587424
-54992.3918007984
52324.7572762092
59860.1356596890
81169.9996104043
40015.9988373769
35459.1293079430
23894.4288057853
-10776.4398367017
-15507.0934288150
24379.7519864152
23460.2630446294
54659.9583056273
-43966.7630392899
-66941.4931691450
-99979.4290045496
-47812.0982191826
-70240.6000832291
1184.0907326166
66683.4580805814
62566.9886626885
-50930.2485870673
-65857.8254907662
5389.8860230165
58680.2303107073
15446.1954451120
16418.3643330755
17756.5054069411
84654.4437068052
11030.8532361468
47138.0873550119
-64153.9989461066
-8087.6638550560
-35397.2161265470
-10794.7185331599
-19736.9345491550
28706.9137509073
10619.7021317776
28509.4099044006
17365.0744332555
31533.2040747067
-42515.1376838547
-35426.9146336019
-18030.2646448590
29390.2905957708
9674.7934905582
28361.4602895552
5769.9318415895
-61874.1225059719
-4398.7506667972
19034.6596719165
-17476.5897365493
30863.6019555439
35466.6306707860
-16497.4721798987
33036.4646548077
23568.8177981396
-52378.5531556440
24510.1294662311
34962.4214243018
9125.6680387868
36684.5358868221
-233.4777914675
-38685.3525939801
9653.9931275061
10286.8504737801
-2014.3801402325
-12370.0826075086
27733.6773907444
-35157.9990956259
-26684.9312221141
-6481.5523972943
22202.4305935985
19156.0792181782
27273.9406379028
18427.7240239833
28374.2399579226
30771.4266621611
26701.4027321065
-2230.6766076186
46521.7476068706
17296.9192377523
-1811.2233503005
17031.8423246415
27325.6804038515
21381.4587985269
26063.4204192919
7389.3707062721
23963.9662333921
60943.2145181039
17870.9144435769
42281.8191008427
1083.9531862785
12570.3667155755
12231.9959867729
-62118.9847419587
-57631.7487605890
-9593.8176621682
-58336.8349089069
-14880.0467886594
-62497.2478290231
39679.7758694622
24082.0038924949
55324.1504106469
27486.4160030690
14585.6147574297
24636.4773195988
-33045.2281830100
-21164.1605150771
-13088.8616877225
1712.5657217490
23569.7464758106
8842.2178438773
-11338.4342887489
11626.9931936920
-29507.8630729603
33815.8862477679
-29269.0118563825
4100.3093431160
11853.0506037652
-12718.4392374320
-880.8747044670
-86287.1230662644
-12049.5476772391
-447.4960100764
-18649.1256950549
-2719.0223226860
-57137.3731431785
13257.5306473156
-27432.9866533106
14776.8428714249
33983.7037642966
10088.3950121702
18263.7098502250
50030.8837616169
55045.0759239876
-11365.9093432820
12500.8548666585
-65322.4779810482
11641.6401142039
-37339.4540576476
-37467.6914773627
15990.4684708600
1046.4356148611
-77545.3129792773
22685.2702011970
-44710.9599625827
-44731.8656793996
-50270.3672946715
27381.8884610162
-61123.0464589842
-31185.7013599863
1.6849396118
22445.1801700136
-13242.5466405394
11135.6399698053
20846.3220081639
-8657.0033991438
43433.2204138830
-27494.1662963184
-18496.8183920973
7364.5850340677
12075.4576891231
19545.7758456084
34203.6211416779
18521.4452546161
-55242.7858408677
17143.4163519692
-16553.1881799081
-28817.3938280844
-55242.7400376154
-39156.0634080815
-106414.6869090843
28027.8129332895
-77499.0113285119
14338.3002838181
11629.0331046566
-27945.8199171757
-5620.1795857567
1066.4864711956
10657.3475607084
-34909.4531545352
20454.0749225506
-3126.8234075683
-7820.1289434731
20600.2534320149
-2252.0283449761
-52770.4507693550
-28309.5360950591
15632.8914847117
-56661.0045403441
-13029.0403223312
5896.3086587289
29445.3770696451
-53738.5935717041
5715.5849599676
11247.7223482493
20760.1718786079
18643.2389856592
62965.1875790455
-10521.6306128173
23623.9627955217
-60331.9150227742
19542.2829922286
18336.3555795189
-18200.3663849027
71148.3246978240
-42077.3916428794
-37791.1329864682
15436.8215773946
68279.4765719292
-30439.1561789978
26972.2500709809
69311.6730446044
-38365.5351368479
23929.4342261989
25684.9431180673
-54366.2694136483
-20983.4601088890
30632.7810845937
-83220.4974667208
8248.6978711505
14354.8668252687
63284.0204163749
-6224.5751636873
20442.1838666833
26126.1348110595
-13631.8078661311
48780.0455110628
-102798.6718007860
32210.6949488964
-48935.7712483110
61226.3028903433
42908.0046461724
-28369.9266957556
41841.3576486445
6979.7754044733
30920.0413777582
14214.3475240454
14966.3584034568
30162.9759971329
13375.2524029978
-50270.6157222011
40234.2103284025
16100.1228765117
27213.0632349064
-56610.7999420840
42094.2989929489
63189.0099186069
37860.6689449278
-34713.1463337474
-75640.9758698061
44640.6892777154
-33950.1849813621
-60699.9550335132
50137.5925048437
41230.0948557750
-9355.8266843543
-27421.8090567368
-562.5656232283
30145.0829538484
-6177.5306116624
-4257.4548819461
21417.3368625641
69083.2440442842
-18922.6035065077
-39470.2962490265
-46762.8273414369
23076.1231927575
-117628.8607814415
-26728.6816056022
3224.4992093086
-85044.6834276197
-8419.1039890756
24217.7487240423
12425.7660386928
-10368.7387667328
12960.0695012323
-17134.9781250097
56681.1815685952
52911.8669821346
51120.9050922693
-41887.2591263727
-10994.6947476458
31484.8502027776
15752.5132074859
41620.3056223833
49742.8001030950
37979.1625261051
-19753.9927958167
3518.0131851044
-6331.2961964189
3215.0284281078
-6920.6198551317
-69479.2046287230
-8294.2039586506
-1411.0060833455
-57536.4168486727
39343.6916525811
-10918.0284887397
-43248.0786690489
28423.2243377207
19221.5338146966
62274.1091091670
-2234.9181696474
-50052.6972695979
-35350.8883870355
39448.4343164652
49103.1911529587
31352.5231450636
37468.2535095157
24120.7525894670
-27295.5799020943
12508.8766107734
17029.0120651676
-60790.7289697485
46539.4244266008
-9651.5474662801
-29632.1122435895
-18867.4812609308
47858.5522755782
34805.0996458453
-41837.6140008571
-8689.2197042869
-34352.9775379976
-25995.8367937679
18905.7229822850
-61548.6625437888
-69670.3564956291
-42245.7063716175
-4521.1003610777
10917.7841033526
2476.5316740462
-11590.7275771008
800.3453240547
-13343.7736415842
11969.2302881203
12984.6018518204
11348.6466258689
9532.3820045068
8765.3824216162
-98674.4582673530
25125.5902461304
20967.0024947685
9809.2397634724
26042.5148798140
-33274.0261074347
14019.2368483625
20922.5574639585
-120736.3608553889
18827.9470920692
14291.6133277573
-4387.8372668363
16358.7142219489
-42925.7258120543
7573.8987527817
2590.4921207992
-58799.1662824901
-112352.0583342100
-26829.2885793617
-8536.3208773555
-29254.7954303652
-77133.7000824393
17244.7025691852
8754.0008805810
-12862.8994471708
-87008.9861476208
15292.4528581365
20404.7508027123
16630.4111300527
-31346.3470299616
-10118.0189975528
17639.2380671151
-6686.6010102182
16595.0026637201
-119754.3361926480
-29953.4201387242
14976.3728646353
-119754.3231060045
14120.1678792519
25232.7079252031
7082.4955330733
-119754.3100193609
1058.2785667985
-62047.1930564026
5372.9216796572
-64188.6476204375
10842.1813095731
-98515.0831717932
3925.9119077098
1838.7994045703
-108497.0622827382
9233.3385053213
12200.2163764736
15847.0499266369
18126.3420733611
18905.4153029213
44929.1187722409
-101748.9861844276
-94482.6478728230
13955.3009238646
11753.6223184849
16850.7921455616
14658.2186024204
21166.6961674353
13464.6665007227
494.2942859123
40724.9693618122
41380.9819732153
70120.1245527608
38176.9723298177
13681.4089777791
8635.1724231722
-76803.7568289647
-4492.2608955475
4608.1917254247
-46167.5166660055
22723.7239657834
16405.8757721253
28586.4203601506
4391.6564765251
32298.9840229059
22725.8405260927
28213.7146997377
-31580.4743023197
-2307.6814085332
35747.0792885194
-3945.8078570609
14592.2951293496
11929.4166333100
19629.3810390527
41239.7691317369
8960.4823525882
30219.6928608962
30323.8411051469
-6822.7016701954
25961.4075865085
20112.8418730057
-115745.8183343034
-2884.0053180083
30102.0382178979
6492.4639189477
29135.3372369260
-43772.7227151039
24836.8630987064
31546.9461663668
60553.2466255148
-32940.5568332487
48203.8726048772
19416.5776291182
-96131.7777338588
-15012.2211813628
5211.1390012180
15391.6785896676
-55957.6101484763
14511.7115514997
32355.4280933459
23587.8835118619
40870.1705181465
29316.9945449957
21759.4191457688
16650.7545481555
33092.7765749541
-1158.1877101522
-39388.4967467052
-16686.8925267395
-22128.5893779858
22166.4065642847
19827.6742356129
24023.0846639504
26962.9417041271
-20568.1477408417
-64907.4842036746
-26278.6927036559
37986.2787013375
-87129.2066000390
-10916.1627165601
41728.4294472007
65651.1516939152
19678.9575499338
24860.1946558326
39634.5687326630
-31590.4564749926
22657.7627392376
-4745.0372245553
29636.2227382259
29213.3708728486
36794.9481525754
-49082.3939305782
17927.1915221790
-36922.5299167433
17951.1830483648
10861.3395289302
-55695.2685863607
8827.3395801674
-16035.0552269096
-33172.6879977668
19585.6566165990
28870.7722969696
52107.2251069297
47573.1823848973
23727.8387352768
27494.1240601005
25649.3885683138
40324.4409685940
62861.1061324082
34882.7982462820
30741.5395374663
44531.1517473752
-9663.2762069167
23964.7427567460
24970.3074879130
32327.1290150458
25302.6874493121
10118.1971479831
-97310.5997872651
8754.9844037649
-26230.7521547336
708.0345177446
39475.1262214644
39133.4853526583
6189.3848583527
33350.6372465076
1059.0353604656
-104465.9398546843
-79692.3318298876
-17120.1962492015
82407.2839512053
23050.6271056486
4175.4900345715
5526.4291700667
20038.2389817913
20483.8721092351
-16873.6054312165
28250.7446394506
-67787.3939277952
4764.6412411440
58033.9092401240
35620.2414552858
27141.4573585168
18325.6438438203
-9439.3902569403
41336.3342479650
18961.4645013891
11325.7642419745
38314.7879441817
30215.9336024955
22243.2836250676
28460.5219782921
15243.5780853765
21187.3671336320
18337.5931562035
-24414.3366778199
11121.9002258057
-2394.4292804170
17914.5030493693
9552.6630684271
13456.0625528355
29515.2074215462
14715.1670850936
-70259.6790530891
19546.8706056777
12114.8707815678
12664.2430144582
-19382.0376556969
10292.1600773831
-42339.8803172648
10707.3964588077
-7341.3313671402
25558.6723111765
-45135.3506420258
-45135.3506420258
-45269.3878031148
-45134.6548688113
21920.0084916054
6153.6173906160
6189.8725680288
700.8739578227
30282.5436782930
-80932.0477640845
30300.1823759337
-338.6872747733
26640.8665518926
-22127.8178885292
4356.8837352453
24510.3902568086
30970.4445861116
20172.2544995559
39799.7863792063
-104974.5982726892
-86525.4530708005
20549.9102040355
7578.1698829476
13267.6256672287
19963.8390911870
35298.4550914794
-3548.9169290343
11153.9123018367
-69833.8656289879
19028.5166729981
11975.0667512766
20013.3093086962
-20892.4848960776
4682.0918303330
-1998.5390801095
34078.0438901344
-29460.5322363330
3103.6883164473
63466.5937247840
32978.5819570386
33037.9771866805
31462.4202706865
20521.2147458709
16042.6502649725
16350.4862805178
-79570.4649305652
4367.9149619574
25778.8583832100
75844.5646230603
14892.4986929762
4455.5222820430
80760.7917998325
49302.4580993783
-5823.4390084902
52439.2550134557
51017.4642001404
16838.7404126635
-29800.0700549437
-2169.7456810656
15666.7024717136
777.7599492224
-26796.8285114205
-66315.2308763979
-1055.5600515925
-27602.5330770658
-3859.3541301760
-96119.7793359199
-13887.6449493554
19579.9450254572
1363.6904453569
-40878.7501785294
-86340.1329362089
-72999.8825951905
-45904.5420892683
20297.0384928338
43722.0486352502
11854.3006035900
-35503.6518473408
-76597.7117954375
-68601.6681706160
-8563.6584656720
-13321.3237201974
52682.8212829976
50560.9674803351
56174.2274802433
24578.0569268287
12179.5389282137
26295.9631897288
57372.8279546072
-4913.3691203717
-18543.8075011379
-64638.6765396985
1824.3090488301
-19163.6463277832
25610.5847176800
23197.3501657777
15297.4323314856
20859.4053544870
36506.4442788298
49180.2255979779
35337.1789702904
8447.6750644116
-37250.9560416958
16381.3091069619
16015.2777991127
16201.9105571092
-14251.8085803782
-46897.7928383686
19318.6097250285
17583.0314560038
19585.4032274460
23599.2429994201
-43444.2567114674
14068.7683891806
21516.3885674091
11885.2510544813
-42123.2680377942
-44834.6862968108
17820.5912790837
-22745.2987367828
-23764.6106712837
49190.0601690654
37640.3326445830
23681.9222522841
17069.4582584304
29054.2095659044
33748.4539351812
24275.6310198913
15575.4918211680
-33478.7478331018
-23644.3590389412
-13249.0703241818
-31456.6779253383
11727.0507899276
33022.5384761613
59250.5874822977
1564.6713024306
-94472.4723418987
-68279.3445461450
41881.1750623257
26678.3762368108
63653.3649359049
-120501.4853487075
57505.4352929010
-113273.4215871647
-16432.1580258756
-52459.0434072220
-85540.1981394359
26709.4230767392
4482.5288722755
-3808.2540250715
-63904.5399490502
-67930.7649286752
-10765.0754789197
-11681.8654924516
-17075.3364774021
-2486.8630300275
-2308.0091234128
6922.8043362118
-17559.8991094367
-39286.3513618417
-15076.4656898167
-15129.2444527788
-24673.7013246344
9809.8521387359
-63221.9617406635
-12259.0467341841
6919.9385858606
22409.6787826288
32794.5817765566
6279.7838864642
33916.7323814804
-702.3012721820
-771.6899503924
-4753.9342408859
27908.6284321004
-13285.5093131215
35076.0071534734
51199.3062091367
-2947.2819445797
26565.8120428073
-30121.9402384468
3162.9123344866
-1668.2271589699
9509.1196079459
21510.3420022301
28640.3548422587
-12930.1226493907
-8270.2981502921
-7542.5706851077
39387.6045274293
15553.0032564753
18551.4369162110
-19533.3557706410
-109888.4282532667
820.0554130860
-28151.9910968637
50819.3824222101
-71372.4260083302
-5214.9672453813
-60203.3531011260
-6507.9660645642
-20260.0852647276
62999.2738496375
11893.3043770506
32136.9161113662
32141.8827626422
-12711.1185552389
25574.5852563169
35659.9668649170
41595.7874929802
77872.3006598147
24837.0109798468
6292.4862201188
8442.9986213376
37203.0289065295
24736.1190036166
27223.8331061254
11081.1378926766
17198.8348663263
42339.7723423766
10512.6387163451
-40212.3717594296
17589.3901529688
-34544.9900871424
20812.6019824661
23352.7751537088
-55288.4233629517
17041.6066372094
9957.5352532418
-24389.1640230564
24967.6422805946
-28691.1715533468
-7978.0695511320
25216.9332796856
-42629.1602663620
-92329.7403868902
-55979.1060828874
-13498.7387733884
-50027.6963510399
14536.3433656486
-40773.5578423436
-42956.5680354060
-20070.3567895642
20124.4136249189
-26852.0613167239
-52632.6295720157
-30618.5348861741
13836.1949464612
16565.3511736471
13360.8870239065
10300.4473718025
-8117.2758503538
30227.0708579604
8644.2336861506
7031.7017200907
16223.0557499639
17731.8465322360
-70018.0624443617
38056.5084012956
37660.4211745159
54380.1617162928
2521.6601005212
4208.2880771787
51064.0624795017
-35280.5595886970
43002.5270178825
39934.8639922919
26216.8609473168
44153.9825806008
14668.9516665862
-4898.1794446820
-16992.5245542320
52057.1310325218
36955.6057150005
-3910.7419600240
-62882.9350464802
-32736.4684831954
-39015.4519261119
-11301.6509053816
15681.7118231517
-97922.1029220989
36394.0455294703
41059.3145076131
24078.8383940600
38977.3577241770
16336.5128850059
26652.0510473754
-18913.8440753122
48785.5281449866
-16793.1244597622
-1769.3447739434
38133.8993636115
11410.3035528200
21019.8590721893
-28218.6608487834
17953.5995266642
17606.0293096382
40121.0429017582
23676.2666040757
32520.4339650679
32244.9758364831
-46060.7270583363
10744.6766728914
33263.4906652109
-11971.8103317193
22701.9291207556
19892.5313642349
-22679.3891105941
19958.7334031507
-99870.5643818220
30610.4434818936
-83283.8982444460
5754.0956006547
32217.9574038700
34229.5280818048
25884.9699886470
-13368.2879085772
-9703.9844930401
55299.3566943573
25224.9768385853
19045.8138570318
1846.2040494146
35714.4353290846
8634.6822982269
-40117.6917982593
5788.0935832530
5651.3066651065
-25776.9427888503
-37821.5242810727
10896.0289422372
22714.5265437284
16427.3120777340
-21190.4276455752
15157.9077241282
37333.0001233953
-15891.5735882914
23167.2931380829
40143.1966971675
40874.9271248131
25357.9237545711
31525.6300329658
28605.9785922043
20018.7373427218
36059.4753088174
34008.2062532534
8617.9963911810
14028.0363325837
15007.9457620333
26128.4942995462
9689.8398743354
19079.4205081457
23009.0208254669
51554.9007315151
8286.5635486457
25894.0582864372
30894.4178147248
15264.4336825244
28045.5372479618
16644.7607374041
9252.9038383149
14260.7669478613
16271.3071858928
-18581.2719456659
24511.1776403567
13797.4022803373
-40833.9059293748
-18940.2190002401
21181.1308154347
17479.2001888373
23839.2033312042
-33890.4224892752
-48323.9606905257
-102928.7913115989
-95684.0066755539
13784.1340718014
-56643.8349403477
-17064.2572115201
13717.2191535662
4042.3503380519
6842.2086560301
-11165.5104784733
16233.2459408395
-3318.9897206558
3564.2397674312
-3010.4424616588
5017.1047773436
6408.2355937116
21867.1910171046
2418.0764116986
6595.2437304668
-86987.5259059507
-40030.3421202781
12832.2576355874
27809.5971910982
10052.7672437830
-7518.7922076176
13232.4181442114
23204.5439069544
46666.3357680917
21178.3212782301
23644.7974907490
30589.9303149842
22588.2699029805
8768.5321368843
21193.2120852199
19544.9119050077
11990.8332575073
12915.8229940496
12278.8477121562
17924.1750399970
26987.6324654152
19550.6786435884
-9612.7106490785
12118.1492976129
38248.7124530336
-14002.1020133062
7982.9502932724
24459.9362539159
40787.9112689177
47460.7952697007
51175.3380409441
-28639.1937225071
-5830.1615450276
-32009.2163131013
-4977.2261325672
-88699.4186137406
13635.2761810295
22019.5940979929
-38957.7332194994
585.8644482615
40552.7556057434
-8473.2956756515
32556.4823500874
47156.2585715092
28363.2658182974
-45657.0079212077
9424.1427622071
25492.5187013091
-54531.1865166188
28681.7845654740
16807.5556558934
7152.6352163778
73927.7222647812
23462.5871982501
20537.0572520145
40950.5585170668
16698.2726262262
29667.9987268455
-85296.3448903025
57369.7616765347
-88352.7339823714
8210.3308346692
2539.8979063482
-4057.1141734213
58372.1470930907
47153.5701864626
8127.1087264965
-228.1492666123
-72572.6314220871
6054.1139628074
61999.1093124800
37428.2366445544
16542.5952861156
1812.0776442243
30202.8005896330
-8398.2004872374
26739.9077428870
-104455.3079052042
936.3030954115
43010.3048643565
-2338.5458598258
-4469.5558064707
22151.6019759736
35056.9827040702
11457.1308173672
31750.9573078617
26258.5252078570
-54151.2054092922
-66030.5665606145
32235.3500223574
-31513.4065976475
73206.9948884181
46416.7047374930
-35051.0093608513
22153.5299488179
-50843.1831130887
-42988.8659571567
27670.4620220758
46422.5178978266
-2352.9266340356
31363.9320710032
18626.6853264175
6197.2444898062
61332.4140287759
45811.2796380801
35134.3627020701
7833.9789660963
44181.3166501871
66107.4927758697
32382.4245407254
31520.5573170926
33729.9906419329
14967.4383510878
37851.5008680432
1308.1377957039
30129.7140679433
30324.1947039949
-100512.9618709004
21133.9145136159
-18623.2306073919
29937.0240385382
27658.8080448637
10403.7408007986
49384.4125316958
20645.4187582271
-991.6473798458
-29151.5889493278
3136.0465392071
36590.1115434923
29963.6010413443
37231.1859607897
22123.3630863546
33290.5917057558
44331.4676152074
22376.5128282468
6112.6546158186
52769.5049016592
5739.1795740851
-23052.8626637343
59323.9522639353
20420.1848627706
-32465.9713912491
20175.6920509712
61306.8721705952
-110816.0020102070
-16440.7134528240
25131.9910685112
12841.5103350932
1497.0676406274
7433.3562980559
30303.9523561566
-17865.5997054316
29869.6814315160
24286.2908171830
-82843.6000594552
-63076.3621924779
20667.4675179274
49074.3683753574
22478.9038663658
35042.9925066315
29243.8746064707
20543.0796760404
30291.9286653085
-28885.4202329381
27630.5219671986
-48656.9425360182
-37813.5552700539
-60314.0090233608
-12958.4406904556
37641.6069222206
10220.4424416575
12401.1669176156
9188.4507758860
40624.4666693128
-45711.9214955021
14799.5557921776
-13571.3876785805
27674.8408375015
-25448.1418409239
-64416.8453238099
32560.3949963402
16188.4183617394
-48143.1314521752
22071.3900910632
14161.6825767658
63929.9061564721
17346.6639030911
1095.9954001967
-4780.3814752840
16958.1971224251
34713.1671183723
2042.2525196915
-3373.9040471325
-36756.8726019815
-4088.9136038078
25238.8761650331
5999.1686927440
-72427.9354516785
-64678.3671461162
-73043.7405965338
-66444.8366386858
-73043.7405965338
893.5456425001
-42182.3362493654
-6067.7902027419
24051.3822461094
17276.6861619945
15997.1716441049
11154.0107290274
12815.6179265412
9609.9224986675
-111158.9067889092
-106905.7815526223
11698.2778036892
-590.5555206388
26484.2867921914
-1541.8404315822
-60933.7736749998
25133.5506822920
28547.2292986386
1375.6278076371
-66797.1652238185
27109.2638185655
-20973.8526393031
26040.0477784738
-68182.6731880749
-33595.7446029589
18965.1587922920
-46551.8155870568
-62938.6719564060
-43632.8880328581
13156.8226797657
-34085.6037751293
-33175.3728346823
26692.6250312348
-67112.8950020475
-38671.2310976296
3435.0099601238
18885.6469498623
-29337.6472153365
2108.4054377794
16540.5858960946
15110.2238538717
3660.4342130300
-35901.4521012445
-66486.0895661359
-2995.7451615809
-29458.4203740373
-32482.7117471161
20226.4418591759
-42273.6347664484
-29519.3724465458
-79133.4664498939
-18040.0196500788
-33854.2640913373
33715.3541976489
-23215.6299260156
-59767.9164668631
-31898.6506090387
24504.7775064217
-23964.2184380308
-30481.3742828969
-57116.2361644073
16832.2351316054
-33082.4226326815
-8873.5378143713
23336.0969382771
-37966.0425567499
-14779.6557383677
-21185.9524342007
34845.0452707235
-10334.0675403127
-25246.7160308024
-36580.8216983428
-44241.0102213521
7936.0517644774
11870.3921216164
-2157.2399490111
-14306.8504320701
-8844.5434205619
-18113.0248418325
-5665.1978495683
20910.1706780815
16524.9688166046
-14373.4783964457
12802.3364147270
19953.7317037462
10005.6779292078
11018.9415440988
-57766.6728971347
12111.3145356357
25745.9681438227
-18814.3399801957
2268.4118914731
21148.6240114964
-76348.1492212171
20521.1803079642
-62381.2418393060
-50612.7425889470
11937.8806568123
16296.1872712199
10520.1944036394
-5621.3923980256
-21603.9945627055
-78783.2689761051
26536.6168930882
-34045.3402769823
-33795.7503845947
-30461.3293960668
-33015.9502747279
39830.5540238397
55769.8326451593
54845.5337240346
-42160.7072099471
55271.2598206352
14280.1162152501
56474.4989847069
56303.6977942289
-61726.2888266651
7012.8947310094
22990.6581794325
15755.7455350063
55186.8231098374
17953.3334449557
34469.5484221020
55897.5012410691
38.0013428356
32182.8000147084
12065.6297003342
-15535.5281757094
56469.3486064366
40355.5457578458
39214.4537360952
56.6193820977
-44462.7819616912
-98787.9460981010
-58168.4748257747
-23312.5653734628
28102.5564729567
-87288.7028062788
-84057.6159239914
-4174.3213033294
-25095.1747162229
-110584.7638412553
-70361.4164790831
-21865.5328012882
-54185.5603697420
1588.1419032358
73407.5798703458
19569.7684153221
30929.4614950520
28945.8440669740
-19941.6312148367
40948.9684473778
18513.0547070270
-15766.2939382292
28043.5408919829
22337.5777158724
29008.4534517693
-71782.8153944021
39340.3429645288
21958.0031293864
-20542.6093753312
17210.8025016004
14255.5238551266
13080.5536861350
-72823.2384217156
38760.7839008947
-725.3449078936
13082.5907413556
-3375.9848523217
21958.1795301401
21041.0045463750
38146.4026810367
22645.2938715368
63376.7826527666
7779.1367598480
8112.7144917391
58692.8419147055
35895.4757620753
23782.5537861310
18203.5650097308
26246.5806273377
-51489.8463003419
32124.4504701156
30938.2297766309
31047.9924917656
866.8125078540
-88515.3477830425
19809.1296860950
-55159.3063287846
8447.8803892593
25660.8220190652
-472.6230632683
2487.1627358630
48613.6494208652
-15200.2500512924
19337.2334351683
7631.3063785556
50648.6598104891
48360.7071425178
-7936.9716255399
55595.6261689148
-33886.4309708440
55837.1455508583
33038.0686121536
25559.4131761799
18940.8353066577
38874.0220723252
31087.3316763750
-7640.6377296624
26104.1252368220
-75787.3300092317
-86450.9844225847
-6675.2021032972
-38246.8100729901
46180.9588428105
46753.8158514937
-42073.8697368581
-7807.8536824380
-102048.0937538708
56112.4303074980
26198.1149678377
-6468.2587264477
-699.8320657283
14089.6835269764
61785.8074675698
-89538.9114246819
-38569.4440734402
-36813.8273546732
6724.8810697617
66605.5255232195
7328.5923851542
42411.1176417647
-27784.1438773913
25394.4393674914
-43821.6563128333
25609.4474100445
-47826.5934596864
-85656.9159443216
52352.6770437446
-53799.1748483304
-39952.1194809558
8233.7581323941
38551.4465611939
28792.7597939027
26215.5196343115
34710.8386182431
33294.7721191895
-27818.1725493402
-31588.3154020526
-8444.9331129080
-1865.7766108928
1281.5917502055
27784.2298227945
23695.4397799759
27887.8963848144
20246.3839895985
-95484.2151139845
-40862.1463572479
-766.3998265464
-6605.9934846669
7151.9066650758
33439.9312935161
2441.8334899878
-80187.6447175180
-53439.7096319835
15376.3699711387
-105222.4496681093
-17001.0247335507
41606.0183991210
-23132.5124799670
6060.9070610364
22739.7294130580
36444.1555340289
24835.0208660136
10153.6215794353
38403.8054524202
29550.4167770842
5847.9230366340
13087.5178066978
28711.3402177650
11682.7804232104
20475.7292043351
14620.4688564570
30916.6584571481
37949.7802260718
26155.0587710553
-5318.9743232836
-60644.0257701589
-78153.2468837779
-40606.1224356065
-24921.8697201127
11985.7747031171
34932.1649631394
8749.2407475165
-6213.4971424267
10009.7950223557
3867.6598562638
-71005.0822906302
23194.3561293404
-8585.2867896669
-39890.8632765519
-3725.3011499703
-1957.8672797234
-11442.1905232523
-2987.8121585144
-630.6067180521
37592.2199139462
-33444.1096922269
-24048.2771429762
62215.9463896018
12474.0062681489
16349.8276419136
-1435.2634429100
-1317.6053185290
5087.2860189723
-33295.0414519674
-52690.4979767625
-21005.4229651771
-38178.7755331869
-49237.1138399322
21799.9694071202
-6531.6258255345
711.4425031847
-22243.4734972829
-41605.6781352124
24550.9938576956
3183.5143881896
38848.0955653835
-7635.3297962395
-20599.7069927820
10165.4547403352
-24660.0105748134
-22612.0096369775
11114.2299269366
23505.0013222842
18772.6550578431
37383.0762056084
8966.5786174030
-14260.2328805481
-2247.6063190148
-28602.4336084983
15893.4927203214
-49680.0703945514
32567.5689831109
-25789.8397011303
39861.5612866444
-56820.8915599533
-8928.8100582654
-33343.7060202504
-25981.9987092671
30570.6064583286
36522.6668851917
-3367.0262526211
13908.6612703379
38698.1813991279
2214.5381217725
60308.9730382636
-18003.3479050195
48694.7647414004
9207.0134265629
-59186.3682070679
-38633.5447882642
-58345.2377812340
41473.1963291426
31021.9462521427
28494.1385864683
34947.5364436260
1575.6348317315
7318.1074880921
42618.0188388312
32763.2605794167
37228.7407861281
27090.4351837293
37637.7720893795
-14734.3894650647
33634.6014668121
32716.5430969159
38062.4578052340
17175.7424903927
-21679.7188513879
-63668.6240508791
37842.7801826677
-6624.8366139194
-17908.7120616735
-41893.8020279312
-36433.7395633351
33714.2619056313
11028.7668843151
20251.1222492630
24837.9098507977
24710.3966450984
-77930.5023347652
20234.3008766602
-73840.3248439512
-12089.9780995575
-19066.0812355957
34360.3746475816
-10701.0933292807
35534.9670177357
21812.2025996931
32374.2092775767
24128.5812091153
34969.9902084264
-111235.1193085997
48218.3044665262
42023.5779738707
40912.0884450727
15828.8052881379
-20606.8881171237
10180.7617733165
-80413.4001599821
-21982.3872029837
9617.6308951128
18127.4716684755
14155.3674980302
48854.6218008514
25501.9458555253
50271.1007802007
10869.8426534895
27788.7749640543
64034.3230216395
-33787.1618751009
-16064.3758540747
40097.5063620384
24302.8871759686
-78387.4774640013
-2315.6219688872
-2383.2403603983
40916.9236938693
16671.9689368023
10929.8197184142
6362.3287690497
7628.5342911885
-155.1114833669
-7085.3489859807
16004.9752889617
49687.5926704134
41623.7095492006
37650.2269121813
38627.8611776997
18879.7386856222
18718.0674710041
17595.0443297936
-96770.8047429939
-31883.6388066343
50338.5995270397
34832.1294119821
41191.9361412478
3423.6445770762
48801.6184790395
-111616.8172480138
-13467.7378772404
-5921.3642238407
-83910.2266583566
73307.5081018436
-7120.1728053991
35872.2934337938
11888.7629795692
33449.0800221274
-9565.3724084062
22328.2127734727
-48313.2406173683
-21312.4339658845
-12352.4869469293
23465.4089950015
31591.5487170171
30997.1854659231
-27846.2021377448
-10388.4533907695
-23839.2478326472
8859.9659029406
-3907.4567516576
-152639.1209525191
-33810.7989886416
-14053.9184261707
-14568.3165920449
8958.1528605966
-10952.7021420564
44186.5602879379
33038.5632678837
-153026.4734650346
-3821.3622108673
18446.5171440416
40514.1535996518
22861.6907101123
-15950.1188871323
-17326.9264848081
-97465.5492797206
10096.4538539553
49304.5227490982
13862.6563537714
18678.0988468317
23113.7219109803
13043.6625759395
23031.4344714569
32434.1662115087
57362.6321843455
52177.8074979784
55417.2383962919
38728.8337907707
-91342.3849806892
18941.5566724983
-199.4278545226
6479.5613080244
983.0005698216
38615.4979648869
33388.8020859102
31179.7970638079
-63993.8792059535
35957.8861579592
-2831.8234513715
26888.1009845600
-51123.0993240528
-13234.2783630400
12549.3366508568
-12109.4281587525
39718.9081973147
10061.7205828248
40027.1007237042
-16676.3321993408
-14912.5442810743
-22403.2081739429
-111216.8064419996
-17991.2338682571
81368.2359248301
6600.5289486349
42044.0490983685
-6377.2547150862
-29331.3605594256
21333.1922245565
13200.1748477346
4420.5035942951
17501.0695713560
13806.5159342551
3408.9588463808
7982.8246155495
-21662.4642973900
-70292.2570263824
-91831.0429507502
16024.2117811178
-92775.6962641268
10702.8589715529
2220.9575322073
3843.7836385885
-1062.7487124559
-9081.2500447723
8247.7538667813
12930.5545408681
9353.4955789611
10325.6189451209
-44819.9157180216
-6939.1479200411
-9765.3265684507
-16910.9705210800
-41219.2538874076
644.3048340337
-45449.6262306271
-23184.8423188896
2845.1068099169
-21546.9138547588
-46429.1061320255
-39662.2470561974
-29013.0468653722
18534.2395061183
-87321.2077773703
-52059.7948904804
10316.8619693744
-18991.7621698791
9675.6010384975
19577.0427539822
-48465.6304919832
-80202.0812241171
-45638.9013765891
50438.7333857922
-98141.7008002594
21113.1642663605
-1308.5645173139
16962.7318668303
6427.3612279427
1327.2759131549
-11452.2111016596
-4808.9555354800
6427.3612279427
6427.3612279427
6427.3612279427
-66528.4811228663
-15884.8768527055
-18213.1947881335
-17620.8303834867
14180.1551192646
-55964.1451087856
-53790.9996951357
-28347.2859663236
-29325.9847863208
-35652.7437344594
-23278.0088475704
-51138.6226819839
-37848.0269931362
-50913.8481295329
-18290.6478783364
-26420.3990271853
-18278.2367087153
-14725.4682006087
30537.7670591871
34566.6131313556
28846.5177949353
25916.1488740242
-10056.9507970116
768.3389252465
-18572.9836041596
-40147.2714290113
-77244.1867262736
-62369.6196077332
11076.5440921256
-36382.7720282835
13659.1296731172
-22278.8512679463
-26022.6983131219
13001.4113998907
27691.8483313620
-5330.7097735377
-14634.9406190802
-10649.7623277035
-43208.8816424218
12387.1391380954
-23623.4407126668
4722.2862426144
27083.5139702283
15476.6752436958
-38914.2119205928
18515.6243912760
12620.0309688143
844.4948758917
23201.9375022887
50744.8970001160
21351.4434861837
14725.0113264069
1697.0966237056
5799.1858341670
23168.9009210574
-93035.1087734338
20391.6000451624
-36320.5628756229
-9182.1637121799
-86208.5581984850
18430.1705921752
4922.2686815234
8029.5568492321
6048.7959986978
42432.5283003441
-53949.8836480784
-41137.4541663114
15798.1301956808
686.2213926968
-40006.2058072018
8591.9806533316
-85870.2739300760
18851.6262469676
16763.2146900330
18105.9439622924
25074.9629731193
21243.8001714948
-37085.0210240414
-6059.5923418390
18751.7050091710
32609.3387915284
-54893.9468723805
-82115.4710421798
-14352.3338816334
14911.2489074694
35686.0289222728
5695.9986858131
9959.8721892935
-42213.9937911040
36643.6425855495
-40367.3019569694
-41733.9851584521
-41405.3613061585
-43707.1388903469
-41745.3727961690
-43107.3244976215
12982.6427836747
-93815.5243157289
27400.8522682454
28206.5999411513
3201.9500274173
4610.5838301495
2717.8558320248
34612.8819931430
3054.7468186120
13119.1162098867
28877.0573684885
27749.2896986346
25538.1734072224
-55272.3930307976
-64619.5633212384
22249.2989405519
-52235.0884953823
-1257.5968949413
18872.2633826548
-34979.1961233178
51245.7667624766
32034.3624291174
5228.7196131525
12822.3196505520
10460.6768339484
38993.3598747359
-72679.0777767471
-45252.6742251202
-6600.9653559023
11501.4349459866
-16304.0504654441
29257.7508376544
43179.9236333826
26432.0033388889
-42768.6435083572
67683.6433206234
7955.2090487109
36252.6062362526
5762.1113242141
27340.8075703320
49997.1127899207
-7.0855296631
-46270.0809275586
40562.4654151056
-108402.2171735914
36568.4426855725
-45349.8914711686
-12950.1635224229
10168.6197925815
22624.8116656859
-8852.9582120117
71137.5785524697
22473.5261359450
16735.0409191845
-72014.5381480400
-82602.2109513674
6374.8356866740
42156.5544792739
41927.3115713111
-7631.3841907432
-82722.4369712231
-79815.7568547276
42238.9373872680
51572.0512292829
-49142.6965392347
-3511.2631968696
28048.5005491869
-57880.2820951301
28723.6986114126
-387.3829946734
22720.0246589414
-14950.5983273921
-22933.1958285829
13024.6798485891
26653.6591169945
7644.3347414442
19311.6607986872
1698.2067042407
18764.3656609653
13766.9876147468
-18227.4547695435
-43078.8097638521
42190.8453597116
-35037.4146393398
21978.4821913831
-33924.6889489239
12020.4118783518
11500.6651450329
13631.9003387496
-78247.8735243317
20960.5782349464
-29134.7352375478
39733.1278222174
-17467.0071569987
7946.2301976184
26567.2754917145
4922.7994171750
30119.3192674573
52207.6280558868
47408.1695857444
-427.3451580440
-24494.3204660934
-2476.1881623971
-50459.3502082977
35528.3828532052
34185.9603209124
4772.4177587775
11832.8936365429
7936.8158016724
29504.4234727547
-84579.2503575881
-42249.4660935970
-38661.1187799187
-74.2167706041
-47001.2990959887
10526.9372446651
38184.0911429035
-93975.2898106592
-10459.5675337036
-26792.0796699874
6509.2435960403
21070.5639077083
42096.9700874019
24304.8295129282
-96487.8122111337
34974.6064643221
-14823.9967773845
13428.4163189219
48626.7424382177
14752.9893215699
26167.4592677907
41632.0050665952
35112.4836977024
17136.3853819414
-86773.8899219438
20079.7918708482
20969.0439628759
11725.1159205259
-18696.6796017218
15071.6862428616
32301.4344912588
31514.1618950334
-125324.9936652151
44999.0748217455
34833.5948912773
23421.0784495696
18030.5937533848
-88784.3485823448
-68734.2287531813
344.2788040881
-8072.6722025733
-10028.7845247622
-4798.1208999668
78148.0500940703
