255, gmax=default
11.0000	0.4295	0.4167	0.4060	0.3846	0.3462	0.3184	0.2921	0.2700	0.2564	0.2404	0.4651

11.0000	0.3440	0.4087	0.4416	0.4641	0.4710	0.4849	0.4921	0.4367	0.2137	0.2186	0.4773

-1
11.0000	0.4295	0.4071	0.3974	0.3734	0.3385	0.3130	0.2885	0.2676	0.2543	0.2410	0.4605

11.0000	0.3483	0.4006	0.4304	0.4487	0.4565	0.4724	0.4804	0.4270	0.2048	0.2121	0.4695

255  gmax=2
11.0000	0.4295	0.4167	0.4060	0.3846	0.3462	0.3184	0.2921	0.2700	0.2564	0.2404	0.4651

11.0000	0.3440	0.4087	0.4416	0.4641	0.4710	0.4849	0.4921	0.4367	0.2137	0.2186	0.4773


10
11.0000	0.4295	0.4071	0.3953	0.3798	0.3513	0.3194	0.2930	0.2708	0.2550	0.2417	0.4631

11.0000	0.3483	0.4033	0.4328	0.4628	0.4737	0.4789	0.4891	0.4328	0.2128	0.2171	0.4748

