1.7994141422000542
0.0
1.6364655787138218
1.5665729382390468
1.5993161408995293
1.506589592042859
0.0
0.0
0.12987598667096267
0.8155897908130585
1.2401734582500306
1.4738463893823763
1.5440684040119383
0.4861878497453514
1.2401734582500306
1.3103954728795926
0.6857138041420958
1.3439704027114139
1.7066875933433838
0.20009800130052463
1.2401734582500306
1.3103954728795926
0.0
0.20009800130052463
0.0
0.0
0.8858118054426205
1.506589592042859
0.17758900266900618
1.5993161408995293
1.403122021736263
0.6857138041420958
0.0
1.6364655787138218
0.20009800130052463
0.8155897908130585
1.5440684040119383
0.0
1.019031007293959
0.0
1.403122021736263
0.0
1.1102974715790677
1.1102974715790677
1.403122021736263
1.3439704027114139
1.6364655787138218
1.4738463893823763
1.7066875933433838
1.3103954728795926
1.5440684040119383
1.3103954728795926
1.3103954728795926
1.3439704027114139
1.506589592042859
0.0
1.3439704027114139
0.8155897908130585
1.1102974715790677
0.0
0.7073303007014228
1.1102974715790677
0.0
1.506589592042859
0.06932951255737048
1.5440684040119383
0.0
0.17758900266900618
1.506589592042859
1.7066875933433838
0.0
0.3943493385564625
1.3439704027114139
0.3943493385564625
1.6364655787138218
1.7066875933433838
0.0
1.5993161408995293
0.7784403529987662
0.7784403529987662
1.506589592042859
1.506589592042859
0.8189330059934343
0.0
0.17758900266900618
0.5242253252274252
1.3439704027114139
1.7994141422000542
1.506589592042859
0.6690514695551641
0.4914624668861579
0.4914624668861579
1.7994141422000542
0.0
1.7994141422000542
1.7994141422000542
1.4366969515680843
0.0
1.6364655787138218
1.1102974715790677
0.22260253552763304
0.5095848860446512
0.7784403529987662
0.0
1.6364655787138218
0.0
1.506589592042859
0.0
0.0
0.8858118054426205
0.7784403529987662
1.506589592042859
0.8858118054426205
1.506589592042859
1.7066875933433838
0.0
1.506589592042859
1.506589592042859
1.506589592042859
1.3439704027114139
1.3439704027114139
0.0
0.8189330059934343
1.506589592042859
0.0
1.215225126457226
0.0
1.7066875933433838
0.0
0.30948688474412667
0.3943493385564625
1.506589592042859
0.8189330059934343
0.3943493385564625
0.5242253252274252
0.28608984844482677
1.7066875933433838
0.8189330059934343
0.0
0.0
0.8155897908130585
0.60085135032976
1.403122021736263
1.215225126457226
0.0
1.4153231277577505
0.2167603358874563
0.43936287141508934
1.5993161408995293
0.12987598667096267
0.2167603358874563
0.2167603358874563
1.7994141422000542
0.0
1.3439704027114139
1.3439704027114139
1.215225126457226
1.7291921275704922
1.5993161408995293
0.2167603358874563
0.0
1.506589592042859
1.215225126457226
0.09272654885667038
1.506589592042859
1.506589592042859
0.0
0.38409101444230365
0.0
1.0526059371257805
1.506589592042859
1.3439704027114139
0.22260253552763304
1.506589592042859
1.506589592042859
1.215225126457226
0.0
0.3943493385564625
1.7994141422000542
0.0
0.12987598667096267
1.3439704027114139
1.506589592042859
1.506589592042859
0.8189330059934343
1.7066875933433838
0.06932951255737048
0.06932951255737048
0.5944473398569872
1.215225126457226
0.5095848860446512
1.7994141422000542
0.3943493385564625
0.3943493385564625
0.06932951255737048
1.0526059371257805
0.06932951255737048
1.215225126457226
0.06932951255737048
1.215225126457226
1.215225126457226
0.8009493516302846
1.215225126457226
0.8189330059934343
0.3943493385564625
1.215225126457226
1.215225126457226
1.215225126457226
0.8189330059934343
1.215225126457226
0.0
1.7994141422000542
0.12987598667096267
1.3451011131281885
1.5993161408995293
1.5993161408995293
1.5440684040119383
0.0
1.506589592042859
1.506589592042859
1.0526059371257805
1.0526059371257805
0.2167603358874563
1.7994141422000542
1.215225126457226
1.1328064702105862
0.7082228027736142
0.28608984844482677
1.7291921275704922
1.7291921275704922
1.1328064702105862
1.7994141422000542
0.41596583511578944
1.528206088602186
0.0
1.437827661984859
1.6364655787138218
0.399623955697269
1.6364655787138218
0.6380007881440523
1.3439704027114139
0.0
0.38409101444230365
1.3439704027114139
0.8155897908130585
0.0
0.28608984844482677
1.506589592042859
0.2167603358874563
0.12987598667096267
1.506589592042859
0.0
1.6364655787138218
1.215225126457226
1.403122021736263
0.0
0.6857138041420958
1.3983301019312233
1.235710912599778
0.9327084689100614
1.6364655787138218
1.6364655787138218
0.0
1.506589592042859
1.7994141422000542
1.6367949528686088
0.0
1.7994141422000542
1.6364655787138218
0.06932951255737048
0.5081248014730896
0.0
1.6364655787138218
0.5774543140304601
1.2401734582500306
0.0
1.3439704027114139
0.8155897908130585
0.36069397814300375
1.506589592042859
1.7066875933433838
1.4592059501996026
1.7994141422000542
0.12987598667096267
1.3664794013429322
1.3664794013429322
1.506589592042859
0.0
0.0
0.0
1.506589592042859
1.203024020435738
1.403122021736263
1.3103954728795926
0.292824550157195
1.3439704027114139
0.0
0.0
0.6857138041420958
1.7066875933433838
1.1102974715790677
0.0
0.43936287141508934
0.9785383542992909
0.8155897908130585
1.2527039384263055
1.3439704027114139
1.7994141422000542
0.5832965136706368
0.0
1.7066875933433838
1.3439704027114139
0.2913644655856333
1.7066875933433838
0.3943493385564625
1.6364655787138218
0.8750169344567743
0.0
0.27031555152567655
0.9116595548501047
0.6169518740840956
1.5440684040119383
0.6169518740840956
1.4738463893823763
0.3943493385564625
1.506589592042859
0.5774543140304601
1.235710912599778
0.8702788641876551
0.3943493385564625
1.215225126457226
1.215225126457226
1.215225126457226
1.215225126457226
1.1319139681383947
0.0
1.215225126457226
0.2167603358874563
0.6413440033244281
1.506589592042859
1.7994141422000542
1.7994141422000542
1.7994141422000542
1.7291921275704922
1.5993161408995293
1.4738463893823763
0.0
0.0
0.3943493385564625
0.0
1.506589592042859
1.7291921275704922
1.5440684040119383
1.0526059371257805
1.3439704027114139
1.506589592042859
1.7994141422000542
0.8189330059934343
1.0526059371257805
1.6364655787138218
0.28608984844482677
0.0
1.6364655787138218
1.506589592042859
0.8189330059934343
1.7291921275704922
1.506589592042859
1.7994141422000542
0.0
1.3439704027114139
1.506589592042859
1.1102974715790677
1.1102974715790677
1.1102974715790677
1.7066875933433838
1.7994141422000542
0.6857138041420958
1.7994141422000542
0.28608984844482677
1.403122021736263
0.0
1.7994141422000542
1.7994141422000542
0.28608984844482677
1.7994141422000542
1.5993161408995293
1.7994141422000542
1.7066875933433838
0.0
1.7994141422000542
0.0
0.0
1.7994141422000542
1.7066875933433838
0.0
0.0
0.0
1.7066875933433838
0.7784403529987662
1.506589592042859
0.0
1.403122021736263
0.0
1.5440684040119383
1.4366969515680843
0.12987598667096267
1.5993161408995293
1.3439704027114139
0.0
0.6857138041420958
1.506589592042859
1.506589592042859
1.5993161408995293
1.7994141422000542
0.6857138041420958
1.7066875933433838
1.506589592042859
1.203024020435738
0.5251178272996166
1.506589592042859
1.506589592042859
1.7066875933433838
1.7066875933433838
1.506589592042859
1.506589592042859
1.506589592042859
1.7066875933433838
1.576811606672421
0.0
1.506589592042859
0.48707588741313285
1.403122021736263
1.403122021736263
0.48707588741313285
1.7994141422000542
1.6367949528686088
1.6367949528686088
1.4366969515680843
1.403122021736263
0.0
0.9785383542992909
1.3439704027114139
1.403122021736263
0.09272654885667038
0.5616800171113099
1.403122021736263
1.506589592042859
1.403122021736263
1.403122021736263
1.403122021736263
0.292824550157195
1.4366969515680843
0.9785383542992909
0.9785383542992909
1.7994141422000542
0.6857138041420958
1.7994141422000542
0.9116595548501047
0.3943493385564625
0.7617780184118346
1.7066875933433838
1.7994141422000542
1.7066875933433838
1.7066875933433838
1.1102974715790677
0.17758900266900618
0.17758900266900618
1.5993161408995293
0.0
0.0
1.5993161408995293
0.7784403529987662
0.06932951255737048
1.6367949528686088
0.803400064738469
0.0
0.06932951255737048
0.0
0.0
0.06932951255737048
1.506589592042859
1.506589592042859
0.7784403529987662
1.7066875933433838
0.20009800130052463
0.0
0.0
1.506589592042859
0.2167603358874563
0.0
0.2167603358874563
1.0526059371257805
0.20009800130052463
0.3943493385564625
1.7994141422000542
1.0526059371257805
1.7994141422000542
0.3943493385564625
1.1117575561506294
1.403122021736263
1.3103954728795926
1.7994141422000542
1.7994141422000542
0.20009800130052463
1.3439704027114139
0.0
1.3439704027114139
1.3439704027114139
0.3943493385564625
0.0
1.0526059371257805
0.12987598667096267
1.506589592042859
0.0
0.0
1.7066875933433838
1.5440684040119383
1.506589592042859
1.7994141422000542
1.7994141422000542
1.215225126457226
0.3943493385564625
0.3943493385564625
1.506589592042859
1.506589592042859
0.0
1.5440684040119383
0.0
1.506589592042859
0.3943493385564625
0.5944473398569872
1.403122021736263
0.5944473398569872
0.20009800130052463
1.1102974715790677
1.1805194862086297
1.7066875933433838
1.215225126457226
1.7994141422000542
1.6367949528686088
0.28608984844482677
0.0
0.3943493385564625
1.215225126457226
0.3943493385564625
0.3943493385564625
0.06932951255737048
0.17758900266900618
0.17758900266900618
1.6367949528686088
1.7994141422000542
0.6857138041420958
0.3943493385564625
0.0
1.7994141422000542
0.6857138041420958
0.0
1.215225126457226
0.28608984844482677
0.20009800130052463
1.4366969515680843
0.6857138041420958
0.6857138041420958
1.4366969515680843
1.203024020435738
1.4366969515680843
1.3439704027114139
0.6857138041420958
0.6857138041420958
1.0526059371257805
1.7994141422000542
0.0
0.0
1.1102974715790677
0.0
1.6367949528686088
0.0
1.5440684040119383
1.3439704027114139
1.7994141422000542
1.7994141422000542
0.0
1.3439704027114139
1.3439704027114139
0.3943493385564625
1.5440684040119383
1.403122021736263
1.3439704027114139
0.12987598667096267
1.508049676614421
1.6367949528686088
1.0526059371257805
0.0
0.6857138041420958
1.215225126457226
0.4861878497453514
1.3439704027114139
1.215225126457226
0.0
1.285447141086788
1.215225126457226
0.0
0.5944473398569872
0.0
1.0526059371257805
0.28608984844482677
1.506589592042859
1.3439704027114139
1.7994141422000542
1.0526059371257805
0.5095848860446512
0.0
0.0
0.28608984844482677
1.3451011131281885
0.09272654885667038
0.17758900266900618
1.1102974715790677
1.506589592042859
0.8189330059934343
1.506589592042859
0.0
0.3943493385564625
0.0
0.0
0.20009800130052463
0.0
0.20009800130052463
0.2167603358874563
0.0
1.5993161408995293
1.5993161408995293
1.5993161408995293
1.5993161408995293
1.5993161408995293
1.5993161408995293
1.5993161408995293
0.292824550157195
1.5440684040119383
1.506589592042859
0.20009800130052463
1.5993161408995293
0.09272654885667038
1.3439704027114139
1.3439704027114139
0.0
1.215225126457226
1.215225126457226
0.6857138041420958
1.3439704027114139
1.506589592042859
0.3943493385564625
0.06932951255737048
0.3943493385564625
1.403122021736263
1.7994141422000542
1.6367949528686088
0.6169518740840956
0.8189330059934343
0.3943493385564625
1.6367949528686088
0.8189330059934343
0.3943493385564625
1.5440684040119383
0.3943493385564625
1.5440684040119383
1.5993161408995293
1.5993161408995293
0.3943493385564625
1.3439704027114139
0.06932951255737048
1.4366969515680843
1.4366969515680843
1.5665729382390468
1.4366969515680843
1.4366969515680843
0.6857138041420958
0.0
1.7994141422000542
1.6367949528686088
1.403122021736263
0.0
0.0
0.06932951255737048
0.0
0.0
1.2401734582500306
1.0020379814674318
0.9497014947365885
0.6857138041420958
1.203024020435738
1.1102974715790677
0.5774543140304601
1.0020379814674318
1.5665729382390468
1.0020379814674318
1.6367949528686088
0.0
1.403122021736263
1.4366969515680843
0.0
1.5440684040119383
0.0
0.0
0.3943493385564625
1.7994141422000542
0.0
1.4366969515680843
1.6367949528686088
0.0
0.5081248014730896
1.7994141422000542
1.6367949528686088
1.7994141422000542
0.09272654885667038
0.0
0.09272654885667038
1.3439704027114139
0.8189330059934343
1.6367949528686088
0.0
0.0
0.0
0.12987598667096267
0.3943493385564625
1.1102974715790677
1.4366969515680843
0.16205606141404086
1.1102974715790677
1.7291921275704922
1.403122021736263
1.4366969515680843
1.203024020435738
0.0
0.8189330059934343
0.3943493385564625
0.3943493385564625
0.09272654885667038
1.0947645303241025
0.12987598667096267
1.215225126457226
1.3103954728795926
1.3103954728795926
1.3439704027114139
0.17758900266900618
1.3439704027114139
1.506589592042859
1.215225126457226
1.5440684040119383
1.1102974715790677
0.06932951255737048
0.2913644655856333
0.2167603358874563
1.2255330190672566
1.3439704027114139
1.3103954728795926
0.0
1.506589592042859
1.6367949528686088
1.215225126457226
1.6367949528686088
0.3943493385564625
1.3439704027114139
1.506589592042859
1.7066875933433838
0.0
1.506589592042859
1.215225126457226
0.06932951255737048
0.6857138041420958
1.3103954728795926
0.28608984844482677
1.1805194862086297
0.0
0.0
1.3103954728795926
1.5440684040119383
0.6857138041420958
0.30746498933996885
1.403122021736263
0.292824550157195
1.506589592042859
1.506589592042859
1.506589592042859
0.06932951255737048
0.12987598667096267
0.06932951255737048
0.12987598667096267
0.0
0.46895346825463946
1.7994141422000542
0.0
0.0
0.17758900266900618
1.3103954728795926
0.6857138041420958
1.506589592042859
1.5993161408995293
1.3439704027114139
0.2913644655856333
1.506589592042859
0.38409101444230365
1.506589592042859
0.06932951255737048
0.0
1.506589592042859
1.1824819237967434
1.403122021736263
0.2167603358874563
0.27031555152567655
1.403122021736263
0.09272654885667038
0.06932951255737048
0.0
1.6364655787138218
0.3943493385564625
0.0
0.0
0.0
1.5993161408995293
1.5993161408995293
0.0
1.7994141422000542
1.6695381555290914
1.403122021736263
1.1117575561506294
0.9818815694796668
1.5993161408995293
1.7994141422000542
1.5993161408995293
0.0
0.3943493385564625
1.0526059371257805
0.9116595548501047
1.506589592042859
0.0
1.7994141422000542
1.7994141422000542
0.6857138041420958
0.0
1.3103954728795926
1.3439704027114139
1.6364655787138218
0.20009800130052463
1.506589592042859
1.506589592042859
0.12987598667096267
0.0
0.7784403529987662
0.2167603358874563
0.0
1.3439704027114139
0.3943493385564625
1.506589592042859
0.36215406271456546
0.0
0.46895346825463946
0.0
1.7994141422000542
1.506589592042859
1.7994141422000542
0.06932951255737048
1.506589592042859
0.0
1.7066875933433838
1.7066875933433838
0.0
0.7784403529987662
0.0
1.6364655787138218
1.506589592042859
0.0
0.17758900266900618
0.2167603358874563
1.1069656363455902
0.0
1.1069656363455902
0.0
0.09272654885667038
0.22260253552763304
0.0
0.3776870039695308
1.3103954728795926
0.06932951255737048
1.215225126457226
0.0
0.09272654885667038
1.506589592042859
0.0
1.506589592042859
1.7994141422000542
1.403122021736263
1.506589592042859
1.506589592042859
1.506589592042859
1.506589592042859
1.3439704027114139
1.7066875933433838
0.0
1.7066875933433838
1.3439704027114139
0.8858118054426205
0.2167603358874563
1.7994141422000542
0.0
0.20009800130052463
1.508049676614421
0.9083163396697289
0.6857138041420958
1.6364655787138218
1.5440684040119383
0.12987598667096267
1.1102974715790677
1.6364655787138218
0.06932951255737048
1.0526059371257805
0.0
0.0
0.2167603358874563
1.506589592042859
0.0
0.41685833718798093
0.0
1.3439704027114139
0.7073303007014228
0.30948688474412667
0.7106735158817986
1.506589592042859
0.346636322558419
0.5774543140304601
0.2167603358874563
1.506589592042859
1.0020379814674318
0.0
1.7066875933433838
1.506589592042859
0.46895346825463946
1.332900007106701
1.1102974715790677
1.506589592042859
0.0
1.3439704027114139
1.7066875933433838
1.5993161408995293
0.0
1.506589592042859
0.8794794801070265
1.506589592042859
0.3943493385564625
0.0
1.203024020435738
1.3439704027114139
1.506589592042859
0.6857138041420958
0.2694275138578951
1.1117575561506294
0.12987598667096267
0.8155897908130585
0.17758900266900618
0.0
0.0
0.3943493385564625
0.3943493385564625
0.3943493385564625
0.06932951255737048
0.0
0.0
1.506589592042859
0.0
0.28608984844482677
0.0
1.215225126457226
0.0
1.3439704027114139
1.6364655787138218
0.60085135032976
1.7994141422000542
0.0
1.6364655787138218
0.7496034934360638
0.0
0.0
1.332900007106701
1.7994141422000542
1.2401734582500306
1.332900007106701
1.6364655787138218
1.7066875933433838
1.506589592042859
1.4366969515680843
1.2401734582500306
0.9083163396697289
0.6857138041420958
0.6857138041420958
1.6364655787138218
1.2401734582500306
1.3439704027114139
0.0
0.0
1.7066875933433838
1.7066875933433838
1.332900007106701
1.506589592042859
1.3439704027114139
0.2167603358874563
1.7066875933433838
1.506589592042859
0.5616800171113099
1.2401734582500306
0.2167603358874563
0.0
0.0
0.0
0.3943493385564625
1.1102974715790677
1.506589592042859
0.292824550157195
1.6367949528686088
0.3943493385564625
1.7994141422000542
0.7082228027736142
1.3439704027114139
1.0526059371257805
0.3943493385564625
0.0
0.46895346825463946
0.8189330059934343
0.6857138041420958
0.0
0.20009800130052463
1.5993161408995293
1.1102974715790677
1.506589592042859
0.7784403529987662
0.9083163396697289
0.9083163396697289
0.37881639730149713
0.09272654885667038
0.12987598667096267
0.22260253552763304
0.06932951255737048
0.9083163396697289
0.9083163396697289
0.22260253552763304
0.22260253552763304
1.0020379814674318
1.6364655787138218
0.09272654885667038
0.28608984844482677
0.6857138041420958
1.1102974715790677
0.0
1.215225126457226
1.506589592042859
1.215225126457226
0.06932951255737048
0.06932951255737048
1.0526059371257805
1.4738463893823763
0.0
1.2401734582500306
1.6367949528686088
0.7106735158817986
0.0
1.1102974715790677
1.215225126457226
0.6857138041420958
1.506589592042859
1.6364655787138218
0.0
0.0
0.0
1.506589592042859
1.506589592042859
1.7994141422000542
0.12987598667096267
0.0
0.38409101444230365
0.6857138041420958
0.12987598667096267
0.0
0.0
1.403122021736263
1.203024020435738
1.4366969515680843
0.37881639730149713
0.3943493385564625
0.6857138041420958
0.0
1.5993161408995293
1.3439704027114139
1.3439704027114139
0.2167603358874563
1.5993161408995293
0.0
1.403122021736263
0.06932951255737048
0.37881639730149713
0.09272654885667038
1.506589592042859
1.5993161408995293
0.60085135032976
1.506589592042859
1.3439704027114139
1.203024020435738
0.8189330059934343
1.0526059371257805
0.8189330059934343
1.215225126457226
1.506589592042859
1.506589592042859
0.8858118054426205
0.0
1.506589592042859
1.2752084726534139
0.6857138041420958
0.12987598667096267
0.7082228027736142
1.506589592042859
1.506589592042859
0.3943493385564625
0.06932951255737048
0.36069397814300375
0.46895346825463946
0.5774543140304601
1.6364655787138218
1.0526059371257805
0.5789143986020218
1.215225126457226
1.3454304872829759
0.2167603358874563
1.3079516753138964
0.4861878497453514
0.3943493385564625
0.5081248014730896
1.215225126457226
0.8189330059934343
1.0526059371257805
0.2913644655856333
0.5081248014730896
0.3943493385564625
0.9327084689100614
1.215225126457226
1.506589592042859
1.7291921275704922
0.0
0.5086923839724599
0.0
1.506589592042859
0.8189330059934343
1.7994141422000542
0.0
1.7066875933433838
0.28608984844482677
0.0
0.0
0.0
1.215225126457226
0.28608984844482677
0.2167603358874563
1.506589592042859
1.0526059371257805
1.506589592042859
1.203024020435738
1.0526059371257805
1.215225126457226
1.215225126457226
1.506589592042859
1.0526059371257805
0.0
0.2167603358874563
0.9341685534816231
1.1102974715790677
1.4366969515680843
1.3439704027114139
0.2167603358874563
0.2167603358874563
0.2167603358874563
0.0
0.346636322558419
0.0
1.5665729382390468
1.5665729382390468
1.0526059371257805
1.0526059371257805
1.215225126457226
0.12987598667096267
0.8189330059934343
0.8189330059934343
1.3451011131281885
1.4366969515680843
1.0526059371257805
1.7291921275704922
1.7066875933433838
1.5993161408995293
1.2752084726534139
1.506589592042859
1.2401734582500306
1.4738463893823763
0.09272654885667038
0.28608984844482677
0.0
0.0
0.8189330059934343
1.215225126457226
0.5616800171113099
0.3943493385564625
1.3103954728795926
1.0526059371257805
1.3439704027114139
0.0
1.7291921275704922
0.0
0.8189330059934343
1.5993161408995293
1.7994141422000542
1.0526059371257805
1.0526059371257805
1.0526059371257805
0.20009800130052463
1.7994141422000542
1.5993161408995293
0.3943493385564625
1.1102974715790677
1.7066875933433838
1.7994141422000542
0.0
1.3439704027114139
0.8189330059934343
0.0
0.06932951255737048
1.5993161408995293
1.5993161408995293
1.5993161408995293
1.506589592042859
0.9116595548501047
0.9116595548501047
0.0
0.0
1.215225126457226
1.3454304872829759
0.16205606141404086
0.16205606141404086
1.3439704027114139
1.506589592042859
1.3439704027114139
1.3439704027114139
1.7994141422000542
1.6367949528686088
1.215225126457226
1.403122021736263
1.5993161408995293
1.506589592042859
1.1117575561506294
1.3439704027114139
0.8189330059934343
0.9116595548501047
0.0
0.0
1.7994141422000542
1.3439704027114139
1.3439704027114139
1.506589592042859
0.16205606141404086
1.4153231277577505
1.4153231277577505
1.0526059371257805
0.0
0.8189330059934343
0.12987598667096267
1.1102974715790677
0.0
1.403122021736263
0.17758900266900618
1.403122021736263
0.3943493385564625
1.3103954728795926
1.403122021736263
0.48707588741313285
1.3439704027114139
1.3439704027114139
1.5440684040119383
1.506589592042859
1.506589592042859
1.3103954728795926
0.6857138041420958
1.7994141422000542
0.0
0.9785383542992909
1.7291921275704922
1.3439704027114139
0.46895346825463946
1.1102974715790677
1.6367949528686088
0.0
0.17758900266900618
0.0
1.403122021736263
1.5440684040119383
1.506589592042859
0.8858118054426205
1.3103954728795926
1.506589592042859
0.8858118054426205
1.506589592042859
1.3439704027114139
1.1102974715790677
1.7066875933433838
1.7994141422000542
1.5440684040119383
0.0
0.0
1.2401734582500306
1.506589592042859
1.506589592042859
1.506589592042859
0.06932951255737048
0.8189330059934343
0.06932951255737048
1.215225126457226
0.06932951255737048
0.5789143986020218
1.215225126457226
0.06932951255737048
0.06932951255737048
0.28608984844482677
0.37881639730149713
0.5774543140304601
0.0
0.28608984844482677
0.7106735158817986
0.8189330059934343
1.506589592042859
0.325019825999092
1.4730146622110376
1.1102974715790677
1.0526059371257805
1.0526059371257805
0.28608984844482677
0.06932951255737048
0.28608984844482677
0.28608984844482677
0.19920549922833314
0.28608984844482677
0.06932951255737048
1.1069656363455902
0.06932951255737048
0.0
0.2167603358874563
0.346636322558419
0.0
0.2167603358874563
1.6367949528686088
1.6367949528686088
0.2167603358874563
0.2167603358874563
0.0
0.2167603358874563
1.0526059371257805
0.346636322558419
1.3103954728795926
1.5993161408995293
1.6367949528686088
0.2167603358874563
1.1102974715790677
0.0
0.2167603358874563
1.7066875933433838
0.9116595548501047
1.215225126457226
0.8189330059934343
1.019031007293959
0.0
0.0
0.0
1.1102974715790677
1.1805194862086297
0.3943493385564625
0.46895346825463946
1.7994141422000542
0.9116595548501047
0.27031555152567655
0.0
0.7784403529987662
0.06932951255737048
0.3776870039695308
0.06932951255737048
0.8189330059934343
0.7784403529987662
0.09272654885667038
0.3776870039695308
1.3439704027114139
0.6857138041420958
1.6367949528686088
0.3943493385564625
0.7617780184118346
0.27031555152567655
0.27031555152567655
0.292824550157195
0.3943493385564625
0.09272654885667038
1.1102974715790677
0.0
1.7066875933433838
1.506589592042859
1.3439704027114139
0.0
0.0
0.2167603358874563
0.7617780184118346
0.5988294549256021
0.33086202563926875
0.6690514695551641
1.621825139531048
1.235710912599778
0.0
1.215225126457226
1.7994141422000542
1.506589592042859
1.2401734582500306
1.2401734582500306
1.506589592042859
1.506589592042859
0.0
0.0
1.5993161408995293
1.508049676614421
0.8155897908130585
0.948808992664397
0.0
1.7994141422000542
1.1102974715790677
1.3439704027114139
1.3103954728795926
0.6857138041420958
1.7994141422000542
1.3103954728795926
0.5789143986020218
1.6367949528686088
1.7994141422000542
1.7994141422000542
1.7994141422000542
1.4366969515680843
1.6367949528686088
1.7066875933433838
0.0
1.565741211067708
0.28608984844482677
1.7994141422000542
1.5993161408995293
1.5665729382390468
0.3943493385564625
1.5440684040119383
1.403122021736263
1.7994141422000542
1.3454304872829759
1.4366969515680843
1.3439704027114139
1.5993161408995293
1.506589592042859
0.2167603358874563
1.5993161408995293
1.7994141422000542
1.506589592042859
1.7994141422000542
1.3439704027114139
0.28608984844482677
1.6367949528686088
1.5993161408995293
1.3439704027114139
1.4366969515680843
1.5993161408995293
1.7994141422000542
1.3439704027114139
1.7994141422000542
1.7994141422000542
1.5440684040119383
1.7994141422000542
1.7994141422000542
1.6367949528686088
1.4366969515680843
0.6857138041420958
0.2167603358874563
0.0
0.0
0.0
1.6364655787138218
1.6364655787138218
0.0
0.0
0.5095848860446512
0.0
0.0
0.0
0.0
0.292824550157195
0.0
0.3943493385564625
0.12987598667096267
0.0
0.8189330059934343
0.28608984844482677
1.0526059371257805
0.0
1.403122021736263
0.2167603358874563
0.0
0.0
0.28608984844482677
0.0
0.0
0.06932951255737048
1.1824819237967434
1.3439704027114139
0.8155897908130585
1.4738463893823763
1.4366969515680843
1.3439704027114139
1.7994141422000542
1.3439704027114139
1.403122021736263
1.5993161408995293
1.6367949528686088
1.7994141422000542
1.5993161408995293
0.09272654885667038
1.506589592042859
1.0526059371257805
1.6367949528686088
1.0526059371257805
0.0
1.0526059371257805
1.0526059371257805
0.28608984844482677
1.0526059371257805
0.0
0.0
1.0526059371257805
1.3439704027114139
1.0526059371257805
1.0526059371257805
1.506589592042859
1.2527039384263055
0.346636322558419
1.0526059371257805
0.28608984844482677
0.12987598667096267
0.28608984844482677
0.28608984844482677
0.0
0.3943493385564625
1.0526059371257805
0.0
1.403122021736263
1.203024020435738
0.0
1.3439704027114139
0.8189330059934343
1.0526059371257805
0.0
0.0
0.0
0.0
0.0
0.0
1.2732460350653
0.8189330059934343
0.0
0.2167603358874563
0.0
0.0
0.28608984844482677
1.1117575561506294
0.5774543140304601
0.0
0.0
0.0
0.0
0.0
1.0526059371257805
0.3943493385564625
1.0526059371257805
1.506589592042859
0.28608984844482677
1.1102974715790677
1.506589592042859
0.28608984844482677
0.28608984844482677
1.0526059371257805
1.1102974715790677
1.0526059371257805
0.0
0.8189330059934343
1.0526059371257805
0.6857138041420958
1.215225126457226
1.215225126457226
0.8189330059934343
1.215225126457226
1.0526059371257805
1.6364655787138218
1.215225126457226
1.506589592042859
0.9785383542992909
0.6857138041420958
0.8009493516302846
1.506589592042859
0.8702788641876551
0.20009800130052463
1.506589592042859
0.8155897908130585
0.2913644655856333
0.0
0.7617780184118346
0.7784403529987662
0.0
1.7066875933433838
0.0
1.403122021736263
0.9785383542992909
0.0
1.506589592042859
1.506589592042859
1.506589592042859
1.6364655787138218
0.0
0.0
1.215225126457226
1.215225126457226
0.28608984844482677
1.7066875933433838
1.565741211067708
1.7291921275704922
1.506589592042859
1.5993161408995293
1.3439704027114139
1.5993161408995293
1.5993161408995293
0.0
0.8189330059934343
1.506589592042859
1.1102974715790677
1.506589592042859
1.506589592042859
0.7784403529987662
0.12987598667096267
0.28608984844482677
0.0
0.6857138041420958
0.0
0.0
1.215225126457226
1.215225126457226
0.28608984844482677
0.0
0.7617780184118346
1.5516031249014859
1.259107948899078
0.9785383542992909
0.36069397814300375
0.519762779577173
0.0
0.0
1.332900007106701
1.3103954728795926
1.3103954728795926
1.7066875933433838
1.1102974715790677
1.3439704027114139
0.5616800171113099
1.3997901865027853
0.09272654885667038
1.1444444483146696
0.20098603896830608
0.4001915381966392
0.7340705521810985
1.506589592042859
1.0370729958708151
0.5616800171113099
0.09272654885667038
0.09272654885667038
1.403122021736263
1.1444444483146696
0.8750169344567743
0.0
0.0
1.506589592042859
0.46895346825463946
0.8155897908130585
0.8858118054426205
0.0
0.0
1.506589592042859
1.1102974715790677
1.3439704027114139
1.3439704027114139
1.506589592042859
0.0
0.22260253552763304
0.0
1.5440684040119383
1.437827661984859
0.20009800130052463
1.7066875933433838
1.215225126457226
0.0
0.48707588741313285
1.506589592042859
1.5993161408995293
1.3079516753138964
0.42124045225659595
0.41685833718798093
1.508049676614421
0.2167603358874563
0.28608984844482677
0.0
0.9116595548501047
1.508049676614421
0.2167603358874563
0.2167603358874563
0.28608984844482677
0.3943493385564625
0.12987598667096267
0.0
0.0
0.0
0.0
0.0
1.506589592042859
0.0
1.506589592042859
0.3943493385564625
0.8189330059934343
0.3943493385564625
1.7994141422000542
0.3943493385564625
1.0526059371257805
0.9785383542992909
0.0
1.7994141422000542
0.0
0.0
1.5993161408995293
0.6857138041420958
0.3943493385564625
0.0
0.5081248014730896
1.403122021736263
1.3439704027114139
0.3943493385564625
1.506589592042859
1.506589592042859
1.215225126457226
1.6367949528686088
1.506589592042859
1.506589592042859
0.7784403529987662
1.3439704027114139
0.3943493385564625
1.0526059371257805
0.8189330059934343
1.3439704027114139
0.8189330059934343
0.3943493385564625
0.0
0.0
0.28608984844482677
0.0
0.0
0.8189330059934343
0.0
0.0
0.0
0.0
0.0
0.28608984844482677
1.506589592042859
1.506589592042859
1.403122021736263
1.7994141422000542
0.0
0.0
1.7994141422000542
0.41596583511578944
0.19920549922833314
0.12987598667096267
0.0
1.3439704027114139
0.28608984844482677
1.0526059371257805
1.506589592042859
1.7994141422000542
1.403122021736263
1.203024020435738
1.203024020435738
1.203024020435738
0.20009800130052463
0.0
0.0
0.8189330059934343
1.7994141422000542
0.12987598667096267
0.0
0.0
0.0
0.0
1.7994141422000542
1.1102974715790677
1.7994141422000542
0.8189330059934343
0.28608984844482677
1.7994141422000542
1.403122021736263
1.403122021736263
0.48707588741313285
0.8189330059934343
0.0
0.346636322558419
1.1102974715790677
0.0
0.0
1.506589592042859
0.7784403529987662
1.403122021736263
1.1117575561506294
0.0
1.0526059371257805
0.12987598667096267
0.28608984844482677
1.7994141422000542
0.41596583511578944
0.6857138041420958
0.0
1.7994141422000542
1.7994141422000542
0.41596583511578944
1.565741211067708
0.28608984844482677
0.0
0.28608984844482677
0.28608984844482677
1.5993161408995293
0.8189330059934343
1.1102974715790677
0.12987598667096267
0.0
0.0
1.203024020435738
1.5993161408995293
1.203024020435738
1.203024020435738
1.203024020435738
1.5665729382390468
1.506589592042859
1.506589592042859
0.0
1.506589592042859
0.19920549922833314
0.6857138041420958
1.506589592042859
1.506589592042859
0.0
0.0
0.3943493385564625
1.506589592042859
0.0
0.8189330059934343
1.0526059371257805
1.506589592042859
0.28608984844482677
1.506589592042859
1.506589592042859
0.0
0.0
0.0
0.28608984844482677
0.28608984844482677
0.28608984844482677
0.0
1.506589592042859
0.0
0.0
1.5993161408995293
1.3439704027114139
1.3439704027114139
1.3439704027114139
0.22260253552763304
1.3079516753138964
0.0
1.0526059371257805
0.0
0.2913644655856333
0.6915560037822726
0.46895346825463946
1.5665729382390468
0.6915560037822726
1.506589592042859
1.3439704027114139
1.1663814000424075
1.2962573867133702
1.7066875933433838
1.3290005893738528
1.4588765760448155
1.2962573867133702
1.4588765760448155
0.0
1.506589592042859
1.7994141422000542
0.60085135032976
1.3284374614564485
1.506589592042859
0.0
0.8155897908130585
1.7994141422000542
1.506589592042859
0.0
1.1102974715790677
0.6857138041420958
0.17758900266900618
0.6857138041420958
0.17758900266900618
1.7066875933433838
1.506589592042859
1.7994141422000542
0.12987598667096267
0.0
1.506589592042859
1.506589592042859
0.0
0.0
0.17758900266900618
0.12987598667096267
0.12987598667096267
0.0
0.0
1.7994141422000542
0.0
0.12987598667096267
0.19920549922833314
0.0
1.3451011131281885
0.0
0.0
0.0
1.0526059371257805
0.12987598667096267
0.0
1.215225126457226
0.0
1.506589592042859
1.215225126457226
1.506589592042859
1.3439704027114139
1.1102974715790677
0.28608984844482677
1.215225126457226
0.0
1.1102974715790677
0.28608984844482677
1.7066875933433838
0.06932951255737048
1.4366969515680843
0.3943493385564625
0.0
1.215225126457226
0.28608984844482677
1.4738463893823763
0.7784403529987662
1.506589592042859
1.0526059371257805
0.7106735158817986
0.0
1.7291921275704922
0.0
0.09272654885667038
0.0
0.4861878497453514
1.506589592042859
1.3439704027114139
0.0
1.506589592042859
0.20009800130052463
1.7291921275704922
1.5993161408995293
1.5993161408995293
1.403122021736263
0.6857138041420958
0.0
0.3943493385564625
0.06932951255737048
0.0
0.06932951255737048
0.6857138041420958
0.12987598667096267
0.0
0.6857138041420958
1.7066875933433838
0.5616800171113099
1.6364655787138218
0.0
0.7106735158817986
0.0
1.506589592042859
1.506589592042859
1.506589592042859
0.0
0.0
1.4738463893823763
1.7994141422000542
0.06932951255737048
0.28608984844482677
1.506589592042859
0.3943493385564625
0.0
0.0
0.0
1.3439704027114139
1.4738463893823763
1.1102974715790677
1.0526059371257805
1.506589592042859
1.506589592042859
1.7994141422000542
0.20009800130052463
1.1102974715790677
0.0
1.1102974715790677
1.506589592042859
1.4358089139003027
0.0
0.12987598667096267
1.506589592042859
1.5993161408995293
1.3103954728795926
0.09272654885667038
1.5993161408995293
1.3439704027114139
1.019031007293959
0.3943493385564625
0.0
0.0
1.0526059371257805
1.506589592042859
1.506589592042859
0.8189330059934343
0.0
1.2255330190672566
1.203024020435738
1.403122021736263
1.025435017766732
0.0
0.2913644655856333
0.60085135032976
1.6364655787138218
0.0
0.4914624668861579
1.3103954728795926
1.3451011131281885
0.6380007881440523
1.1102974715790677
0.0
0.0
1.403122021736263
0.0
1.506589592042859
1.506589592042859
1.6364655787138218
1.506589592042859
1.0020379814674318
0.0
0.30835749141216034
0.17758900266900618
0.0
0.06932951255737048
0.38409101444230365
0.8189330059934343
0.30746498933996885
0.6871738887136576
0.6857138041420958
0.12987598667096267
0.8155897908130585
0.6857138041420958
1.6367949528686088
0.5294999423682316
0.8155897908130585
1.506589592042859
1.215225126457226
1.0526059371257805
0.0
1.0526059371257805
1.7994141422000542
1.0526059371257805
1.215225126457226
0.8189330059934343
1.506589592042859
1.506589592042859
1.215225126457226
1.506589592042859
1.3451011131281885
0.8189330059934343
1.506589592042859
1.215225126457226
1.4358089139003027
1.0526059371257805
1.0020379814674318
1.0947645303241025
1.3664794013429322
1.5993161408995293
0.2167603358874563
1.7066875933433838
0.2167603358874563
0.8414420046249527
1.506589592042859
1.506589592042859
1.3439704027114139
1.506589592042859
0.0
0.0
1.4738463893823763
1.506589592042859
0.292824550157195
1.506589592042859
0.2913644655856333
1.506589592042859
0.0
0.6857138041420958
1.5440684040119383
0.46895346825463946
0.5616800171113099
0.9785383542992909
0.6857138041420958
0.0
1.3439704027114139
1.3439704027114139
1.3439704027114139
1.506589592042859
0.0
1.2401734582500306
1.506589592042859
0.2167603358874563
0.0
1.6364655787138218
0.2167603358874563
1.215225126457226
1.215225126457226
1.235710912599778
0.0
0.3943493385564625
0.0
1.506589592042859
0.7784403529987662
0.3943493385564625
1.5993161408995293
1.5993161408995293
0.0
0.0
0.6701808628871305
0.12987598667096267
1.5440684040119383
1.3451011131281885
0.6857138041420958
1.506589592042859
0.0
0.0
0.0
0.0
0.8189330059934343
0.0
0.8189330059934343
1.506589592042859
1.0415355415210674
1.506589592042859
0.9785383542992909
0.0
0.6871738887136576
0.292824550157195
0.3943493385564625
1.1102974715790677
1.7994141422000542
0.0
1.506589592042859
1.7994141422000542
0.0
0.0
1.506589592042859
1.6364655787138218
1.6364655787138218
0.0
0.0
0.0
0.0
0.0
0.2913644655856333
0.0
0.09272654885667038
0.0
0.17758900266900618
0.06932951255737048
1.3439704027114139
1.506589592042859
0.17758900266900618
0.2919320480850035
1.3439704027114139
0.6857138041420958
0.3943493385564625
0.09272654885667038
1.019031007293959
0.17758900266900618
0.6857138041420958
1.1102974715790677
0.36215406271456546
0.7784403529987662
0.06932951255737048
0.2919320480850035
0.2919320480850035
0.8189330059934343
1.3439704027114139
0.0
0.0
1.506589592042859
1.506589592042859
1.506589592042859
0.3943493385564625
0.12987598667096267
0.7617780184118346
1.3983301019312233
0.46895346825463946
0.346636322558419
0.41685833718798093
0.2167603358874563
0.0
1.5993161408995293
1.5993161408995293
1.6364655787138218
0.0
1.7994141422000542
0.3943493385564625
1.506589592042859
1.3439704027114139
0.17758900266900618
0.5988294549256021
1.7994141422000542
0.0
0.46895346825463946
0.0
1.215225126457226
1.506589592042859
0.09272654885667038
0.8009493516302846
0.5242253252274252
0.0
1.506589592042859
0.5095848860446512
1.506589592042859
1.506589592042859
1.506589592042859
0.7784403529987662
0.12987598667096267
1.7994141422000542
0.9083163396697289
0.30948688474412667
0.06932951255737048
0.0
1.0526059371257805
0.0
0.28608984844482677
1.506589592042859
0.0
1.5440684040119383
1.7066875933433838
1.5440684040119383
1.7066875933433838
0.0
1.3103954728795926
1.7066875933433838
1.7066875933433838
1.7994141422000542
1.7066875933433838
0.0
0.0
1.7994141422000542
1.7994141422000542
1.3103954728795926
0.0
0.2167603358874563
0.0
0.0
0.12987598667096267
0.20009800130052463
1.1102974715790677
0.37881639730149713
0.12987598667096267
0.8858118054426205
0.2167603358874563
0.0
0.0
0.0
0.3943493385564625
0.41685833718798093
0.20009800130052463
0.0
0.0
0.0
0.0
0.28608984844482677
0.3943493385564625
0.2167603358874563
0.3943493385564625
0.28608984844482677
0.28608984844482677
0.12987598667096267
0.0
0.2167603358874563
0.12987598667096267
0.0
0.12987598667096267
0.0
0.0
0.0
0.0
0.0
0.0
0.0
0.12987598667096267
1.506589592042859
1.506589592042859
0.0
1.506589592042859
0.0
1.7994141422000542
1.0526059371257805
0.0
1.203024020435738
1.5440684040119383
1.506589592042859
1.3983301019312233
1.506589592042859
0.7073303007014228
0.6857138041420958
1.4738463893823763
0.46895346825463946
1.506589592042859
1.6367949528686088
1.6367949528686088
0.0
1.403122021736263
0.9785383542992909
0.7082228027736142
0.0
0.0
1.6367949528686088
1.6367949528686088
0.6857138041420958
1.7994141422000542
0.36069397814300375
1.7066875933433838
1.506589592042859
1.7066875933433838
1.7066875933433838
0.6857138041420958
1.506589592042859
1.506589592042859
1.506589592042859
0.46895346825463946
1.3103954728795926
1.506589592042859
1.7066875933433838
1.7066875933433838
1.506589592042859
0.0
0.0
0.12987598667096267
1.5993161408995293
0.0
1.0526059371257805
0.0
1.4153231277577505
1.506589592042859
0.17758900266900618
0.3943493385564625
0.0
0.3943493385564625
0.3943493385564625
0.06932951255737048
0.0
1.1102974715790677
0.17758900266900618
0.17758900266900618
1.403122021736263
0.0
0.07022201462956196
0.3943493385564625
0.5944473398569872
0.3943493385564625
1.1102974715790677
0.6857138041420958
0.3943493385564625
1.5993161408995293
0.0
0.3943493385564625
0.0
0.36069397814300375
0.9785383542992909
0.8858118054426205
0.3943493385564625
1.3103954728795926
0.9785383542992909
0.0
0.46457135318602444
0.06932951255737048
0.3943493385564625
1.3439704027114139
0.46895346825463946
0.9785383542992909
0.3776870039695308
1.203024020435738
0.6871738887136576
0.9785383542992909
1.6367949528686088
0.3943493385564625
0.6857138041420958
1.403122021736263
0.6857138041420958
0.46895346825463946
0.5944473398569872
0.3943493385564625
0.7784403529987662
0.3943493385564625
0.3776870039695308
0.7784403529987662
0.6857138041420958
0.24781101729856814
0.7784403529987662
0.6857138041420958
0.48707588741313285
0.17758900266900618
0.4704135528262012
0.0
0.5616800171113099
0.6857138041420958
0.7784403529987662
0.20009800130052463
1.3103954728795926
0.0
0.07022201462956196
0.3943493385564625
1.3439704027114139
0.8189330059934343
0.36069397814300375
0.20009800130052463
0.6857138041420958
0.6857138041420958
0.46895346825463946
1.1102974715790677
0.20009800130052463
0.06932951255737048
0.9785383542992909
0.17758900266900618
1.3103954728795926
0.9785383542992909
0.8189330059934343
0.6871738887136576
0.8858118054426205
0.36069397814300375
1.3103954728795926
0.20009800130052463
0.292824550157195
1.7066875933433838
0.8858118054426205
1.203024020435738
0.8189330059934343
0.0
1.203024020435738
1.414192417340976
0.5616800171113099
0.0
0.3943493385564625
0.6871738887136576
0.292824550157195
0.9785383542992909
0.17758900266900618
0.6857138041420958
0.46895346825463946
0.17758900266900618
0.06932951255737048
0.3943493385564625
0.3943493385564625
0.0
0.06932951255737048
0.3943493385564625
0.06932951255737048
0.46895346825463946
0.28608984844482677
0.0
1.506589592042859
1.7994141422000542
1.5993161408995293
1.5993161408995293
1.506589592042859
1.4738463893823763
1.7066875933433838
0.0
1.5993161408995293
1.4738463893823763
1.4738463893823763
0.0
0.5081248014730896
0.06932951255737048
1.7291921275704922
1.7291921275704922
0.7784403529987662
0.09272654885667038
1.332900007106701
0.06932951255737048
1.5993161408995293
0.09272654885667038
1.332900007106701
0.9785383542992909
0.09272654885667038
1.203024020435738
1.203024020435738
1.6367949528686088
0.9785383542992909
1.7066875933433838
1.5993161408995293
1.508049676614421
1.0526059371257805
0.0
0.0
1.1824819237967434
0.0
0.0
1.3439704027114139
1.506589592042859
0.6857138041420958
0.6857138041420958
0.12987598667096267
0.28608984844482677
0.292824550157195
0.17758900266900618
0.27031555152567655
0.2167603358874563
1.506589592042859
0.0
0.0
0.2167603358874563
0.0
0.3943493385564625
1.0526059371257805
0.8189330059934343
0.12987598667096267
0.8189330059934343
1.1102974715790677
1.2527039384263055
1.7994141422000542
1.6364655787138218
1.506589592042859
1.3103954728795926
1.506589592042859
1.506589592042859
1.506589592042859
0.48707588741313285
1.5993161408995293
0.48707588741313285
1.203024020435738
1.3439704027114139
1.506589592042859
1.6367949528686088
1.3439704027114139
0.0
1.3439704027114139
1.3439704027114139
1.1102974715790677
0.8189330059934343
1.506589592042859
1.403122021736263
0.0
0.28608984844482677
0.0
0.28608984844482677
0.0
0.8189330059934343
0.0
1.506589592042859
0.3943493385564625
0.3943493385564625
0.2167603358874563
0.3943493385564625
1.1102974715790677
1.506589592042859
1.506589592042859
1.506589592042859
0.0
0.0
1.506589592042859
1.506589592042859
1.5993161408995293
1.506589592042859
1.506589592042859
1.506589592042859
1.506589592042859
1.5993161408995293
1.506589592042859
1.506589592042859
0.0
0.0
0.0
1.506589592042859
0.0
1.3103954728795926
1.5440684040119383
1.7994141422000542
0.0
1.7066875933433838
0.0
0.0
0.0
0.0
1.203024020435738
1.506589592042859
0.28608984844482677
0.0
0.5774543140304601
1.203024020435738
0.0
0.0
0.0
0.0
1.3439704027114139
0.0
1.215225126457226
1.403122021736263
0.41596583511578944
1.2401734582500306
1.5993161408995293
0.0
1.506589592042859
0.17758900266900618
0.6857138041420958
1.4738463893823763
1.5440684040119383
0.0
0.7106735158817986
0.7106735158817986
1.506589592042859
1.506589592042859
1.0526059371257805
0.0
0.6915560037822726
1.506589592042859
0.0
0.0
1.506589592042859
0.7106735158817986
0.5944473398569872
1.506589592042859
1.2527039384263055
1.203024020435738
1.7291921275704922
0.0
1.506589592042859
0.17758900266900618
0.0
1.6364655787138218
1.6364655787138218
0.0
1.7994141422000542
1.6364655787138218
1.7994141422000542
0.0
0.0
0.38409101444230365
0.6857138041420958
1.506589592042859
0.0
0.0
0.5774543140304601
0.0
0.5774543140304601
0.4534205269996741
0.6857138041420958
0.2919320480850035
0.5841890157428282
0.0
0.0
0.6857138041420958
0.8189330059934343
1.3439704027114139
1.506589592042859
1.506589592042859
1.6364655787138218
1.403122021736263
1.4366969515680843
1.215225126457226
1.3439704027114139
0.0
1.215225126457226
1.3439704027114139
1.506589592042859
1.506589592042859
0.3943493385564625
1.215225126457226
0.0
0.0
1.506589592042859
0.0
0.3943493385564625
1.7994141422000542
0.8189330059934343
0.0
1.506589592042859
0.2167603358874563
1.0526059371257805
1.215225126457226
1.215225126457226
0.2167603358874563
1.215225126457226
0.6857138041420958
0.0
0.292824550157195
0.3943493385564625
0.6915560037822726
1.5993161408995293
1.4366969515680843
1.1102974715790677
1.506589592042859
1.3439704027114139
1.3439704027114139
0.09272654885667038
1.6364655787138218
0.0
1.506589592042859
1.7066875933433838
0.0
1.0526059371257805
0.06932951255737048
0.0
0.3943493385564625
0.3943493385564625
0.0
1.506589592042859
0.0
0.292824550157195
0.292824550157195
1.0526059371257805
0.292824550157195
1.5440684040119383
1.506589592042859
1.1102974715790677
1.1102974715790677
1.506589592042859
0.0
1.7994141422000542
0.3943493385564625
0.06932951255737048
0.28608984844482677
1.7994141422000542
1.506589592042859
0.0
1.3439704027114139
0.09272654885667038
1.3439704027114139
0.3943493385564625
1.506589592042859
1.0526059371257805
0.36069397814300375
0.46895346825463946
0.5081248014730896
0.42124045225659595
0.06932951255737048
0.2913644655856333
0.2913644655856333
0.0
0.9327084689100614
1.3439704027114139
0.0
0.7784403529987662
1.3439704027114139
1.506589592042859
1.3439704027114139
0.46895346825463946
0.3943493385564625
1.506589592042859
1.0526059371257805
0.48707588741313285
0.0
0.12987598667096267
1.7066875933433838
0.0
0.2167603358874563
0.3943493385564625
1.7066875933433838
0.06932951255737048
0.20009800130052463
1.7066875933433838
0.0
1.1102974715790677
0.7082228027736142
1.1102974715790677
0.0
1.1102974715790677
1.506589592042859
0.8189330059934343
1.506589592042859
0.6857138041420958
0.8858118054426205
1.506589592042859
1.3103954728795926
0.5944473398569872
0.8189330059934343
0.20009800130052463
0.9785383542992909
0.8858118054426205
1.7066875933433838
1.3103954728795926
1.506589592042859
1.506589592042859
1.7066875933433838
0.2167603358874563
1.215225126457226
1.1102974715790677
0.46895346825463946
0.22260253552763304
1.3439704027114139
0.6857138041420958
1.3103954728795926
0.6857138041420958
0.6690514695551641
1.1102974715790677
1.403122021736263
0.0
0.46895346825463946
0.46895346825463946
1.506589592042859
0.6857138041420958
0.30746498933996885
0.0
0.0
0.8155897908130585
1.0526059371257805
0.6857138041420958
0.0
1.506589592042859
0.6857138041420958
0.8858118054426205
0.20009800130052463
0.7784403529987662
0.12987598667096267
0.12987598667096267
0.0
1.1102974715790677
0.5774543140304601
0.0
1.3439704027114139
0.7073303007014228
0.0
0.0
1.0526059371257805
0.8189330059934343
0.8189330059934343
1.506589592042859
1.3103954728795926
0.3943493385564625
0.3943493385564625
0.3943493385564625
0.3943493385564625
0.17758900266900618
1.7994141422000542
1.0526059371257805
0.0
1.5665729382390468
1.3439704027114139
1.3451011131281885
0.17758900266900618
