2.974306583404541
2.1883909702301025
2.6977102756500244
1.6095776557922363
2.1597745418548584
2.824065685272217
1.3052788972854614
1.4870977401733398
1.4322609901428223
1.699418306350708
1.1797912120819092
1.7078090906143188
1.709812045097351
1.2891640663146973
1.1275124549865723
1.1477307081222534
2.559433698654175
2.8291449546813965
1.3774501085281372
2.279330253601074
2.073852062225342
0.11163534224033356
0.6883226037025452
-1.1570197343826294
1.231485366821289
1.3236829042434692
0.7642229795455933
-0.20077373087406158
0.2889440059661865
0.8033244609832764
0.6868922710418701
1.8985648155212402
1.1731170415878296
-0.15593741834163666
0.6381511688232422
0.43746089935302734
1.9845237731933594
0.14275315403938293
1.4513654708862305
0.6348823308944702
0.604969322681427
0.3403804898262024
-0.22973889112472534
0.6240467429161072
-0.7799363732337952
2.14156436920166
-0.10338137298822403
0.4553270637989044
0.8100678324699402
0.20049214363098145
0.2114132195711136
-0.040608614683151245
1.5431214570999146
0.1547069400548935
0.4160873591899872
0.25301286578178406
-0.41027605533599854
1.3488565683364868
-0.4525337815284729
-0.2603721618652344
0.23224808275699615
-0.6454788446426392
1.7629549503326416
0.04652298614382744
-0.5307979583740234
-0.46191829442977905
0.3173210918903351
-0.45635688304901123
0.7266407012939453
-0.49886399507522583
-0.055969998240470886
-0.47750383615493774
-0.8930476307868958
-0.41076311469078064
-0.9529633522033691
-0.4099602997303009
-0.04064606502652168
-1.1825885772705078
0.06657995283603668
1.2483043670654297
0.9314359426498413
-1.0750559568405151
-1.0419279336929321
-1.7500911951065063
-0.4358171224594116
-0.7728509306907654
-0.4013754725456238
-0.8158864378929138
-0.9716615080833435
0.8575578331947327
-0.8886799812316895
-1.1368390321731567
-1.9754608869552612
-0.025557607412338257
-0.10367283225059509
-0.7785608768463135
-0.9138268232345581
-0.5275055766105652
-0.7374867796897888
-0.5068970322608948
-0.9306477308273315
-0.5139787197113037
-0.7074865102767944
-0.5855225324630737
-1.329980492591858
-0.14326262474060059
0.5031200051307678
-0.6225327253341675
-0.5970202684402466
-0.7284563183784485
-0.6234005093574524
-0.005580959841609001
-0.06640210747718811
0.18076443672180176
-0.9926287531852722
-0.4562087059020996
-0.21021290123462677
-0.5499494671821594
-0.32343384623527527
-0.40023839473724365
-0.5897136926651001
-0.403777539730072
-1.246415138244629
-0.47812482714653015
0.7646873593330383
-0.9619191288948059
0.1627541482448578
-0.20784692466259003
-1.0776649713516235
-0.17613117396831512
-0.1932421773672104
-0.5674890279769897
-0.9738109707832336
-1.3328728675842285
-0.5302404761314392
-0.6769463419914246
-1.022225260734558
-0.6688251495361328
-0.31991615891456604
-0.7122318148612976
-0.6489054560661316
0.6143552660942078
-0.2670394778251648
-0.5773124098777771
0.4034578204154968
-0.31708526611328125
-0.45177727937698364
-0.832029402256012
-1.11159086227417
-0.3070160448551178
-0.3826438784599304
-0.15368127822875977
-0.5301072597503662
-0.9623928070068359
-0.44956421852111816
-0.20378458499908447
-0.3427901268005371
-0.45232290029525757
-0.903495728969574
-0.09433645009994507
0.08168645948171616
-0.4095434546470642
0.4302300810813904
-1.1280723810195923
-0.2967078387737274
-0.09606631100177765
-0.6491978168487549
-0.7350452542304993
-0.21820493042469025
-0.9243883490562439
-0.3293812572956085
-0.5154392719268799
-0.3400321304798126
-0.8417336940765381
-0.5994688272476196
-0.5658622980117798
-0.10043959319591522
-0.44733375310897827
-0.1649635285139084
-0.3462821841239929
-0.561363697052002
-0.3014024496078491
-0.8685425519943237
-0.06005159020423889
-0.23626850545406342
-0.17511776089668274
-1.267138957977295
-0.6289759874343872
-0.5837495923042297
-0.6574850082397461
-0.6085848808288574
-0.24949516355991364
-0.7097376585006714
-1.3348579406738281
-0.5861642360687256
-0.9914073944091797
-0.9914073944091797
-1.1821303367614746
-1.1469371318817139
-1.1469371318817139
-1.085451364517212
-0.6125661730766296
-0.6434741020202637
-1.0981309413909912
-0.04580647498369217
1.7279672622680664
0.5125429034233093
-0.5049218535423279
0.30985355377197266
-0.04847632348537445
-0.9517545700073242
0.8148220181465149
0.8148220181465149
0.8148220181465149
0.8148220181465149
0.8148220181465149
0.5353174805641174
0.07538051903247833
-0.31602418422698975
-1.047040581703186
-0.8068569302558899
-1.4314569234848022
-1.3979207277297974
-0.8547160029411316
-1.4761494398117065
0.6277262568473816
-1.2654736042022705
-0.9390794038772583
-1.5149394273757935
-0.6271877288818359
-1.235337495803833
-1.3885852098464966
-1.2528600692749023
-1.1666673421859741
-1.1666673421859741
-1.0461028814315796
-0.963363528251648
-1.0828797817230225
-1.0574837923049927
-1.75618314743042
-1.7488467693328857
-1.1385712623596191
-1.456298828125
-1.9085263013839722
-1.4947178363800049
-0.6944994330406189
-1.1156446933746338
-1.261478304862976
-1.1867183446884155
-0.9138514995574951
-1.0624810457229614
-1.0624810457229614
-1.0624810457229614
-1.0624810457229614
-1.0624810457229614
-1.0624810457229614
-1.0624810457229614
-1.0624810457229614
-1.0624810457229614
-1.0624810457229614
-1.0624810457229614
-1.0624810457229614
-1.0624810457229614
-1.0624810457229614
-1.0624810457229614
-1.0624810457229614
-1.0624810457229614
-1.0624810457229614
0.8985784649848938
-0.06717173755168915
0.09401486814022064
-0.8575430512428284
0.7079035639762878
-1.5887045860290527
0.7747927904129028
1.123291254043579
-1.2529447078704834
0.6689274907112122
-0.2135407030582428
-0.7779075503349304
-0.20130473375320435
0.23644259572029114
-0.3025208115577698
-0.5890042781829834
-0.9288360476493835
-0.9541400671005249
-1.0288901329040527
-1.1882774829864502
-1.0435535907745361
-0.8407080173492432
-1.3489466905593872
-1.3489466905593872
-1.3489466905593872
0.20455379784107208
-1.2522484064102173
-1.2522484064102173
-1.2522484064102173
-0.2047322392463684
-0.7623941898345947
-1.0624810457229614
-1.0624810457229614
-1.0624810457229614
-1.0624810457229614
-1.0624810457229614
-1.0624810457229614
-1.0624810457229614
-1.0624810457229614
-1.0624810457229614
-1.0624810457229614
1.1564382314682007
1.5039331912994385
1.8128424882888794
0.8433240652084351
1.4465073347091675
2.5295205116271973
2.2792694568634033
1.6343458890914917
1.823338270187378
1.906663179397583
0.3061782717704773
-0.5205094218254089
1.278648018836975
0.8179258108139038
-0.9999879598617554
0.9247784614562988
-1.3269160985946655
-1.0436838865280151
1.0953741073608398
-0.7863194942474365
-0.45044663548469543
-1.2477660179138184
-0.8960932493209839
-1.008730411529541
0.06037336215376854
-1.1205459833145142
-0.3036215901374817
-1.113112211227417
-1.3817198276519775
-1.9739511013031006
-1.113112211227417
-0.876766562461853
-1.113112211227417
-0.6568790078163147
-0.12218445539474487
-0.45636290311813354
-1.3376063108444214
-0.3270331025123596
-0.3270331025123596
-1.13394033908844
-1.2891746759414673
-1.13394033908844
-1.0624810457229614
-1.0624810457229614
-1.0624810457229614
-1.0624810457229614
-1.0624810457229614
-1.0624810457229614
-1.0624810457229614
-1.0624810457229614
-1.0624810457229614
-1.0624810457229614
-1.0624810457229614
-1.0624810457229614
0.5120351910591125
1.0289043188095093
0.3938468098640442
1.3693082332611084
1.7846605777740479
1.4640858173370361
1.1265177726745605
0.7003427147865295
0.7003427147865295
0.8320698738098145
0.996434211730957
0.996434211730957
0.996434211730957
0.8949646353721619
0.06700854748487473
0.06700854748487473
0.36679816246032715
0.3523504137992859
0.7199560403823853
0.7763579487800598
0.20781739056110382
0.011322352103888988
0.777241051197052
1.6167805194854736
1.0213159322738647
0.13187578320503235
0.3916023373603821
-0.602793276309967
-0.46732380986213684
0.16045565903186798
-0.9914759993553162
-0.8798796534538269
-0.9355741739273071
-0.8080276846885681
-0.7402187585830688
1.2329981327056885
-0.7996765375137329
-0.7996765375137329
-0.7830107808113098
-0.6252132058143616
-0.7996765375137329
-0.3411562740802765
-1.0122828483581543
2.614459276199341
-1.0875755548477173
-1.0469285249710083
-1.0469285249710083
-1.2643091678619385
-0.20122508704662323
-1.0434672832489014
-0.6019355058670044
-0.46379247307777405
-0.31908589601516724
-0.3164198398590088
-0.29009148478507996
-0.28743213415145874
0.47510766983032227
-0.28743213415145874
0.5951550006866455
0.7816324234008789
-0.5105635523796082
-1.0624810457229614
-1.0624810457229614
0.5951550006866455
0.5951550006866455
-1.0624810457229614
-1.0624810457229614
-1.0624810457229614
-1.0624810457229614
-1.0624810457229614
-1.0624810457229614
-1.0624810457229614
-1.0624810457229614
-1.0624810457229614
-1.0624810457229614
-1.0624810457229614
-1.0624810457229614
-1.0624810457229614
-1.0624810457229614
-1.0624810457229614
-1.0624810457229614
-1.0624810457229614
-1.0624810457229614
-0.24011705815792084
2.956094264984131
2.274966239929199
1.0060440301895142
1.9354554414749146
1.9299551248550415
1.667403221130371
1.6788831949234009
2.2406153678894043
2.2406153678894043
1.686658263206482
1.4444197416305542
1.7516676187515259
1.8788700103759766
1.4877427816390991
1.9542739391326904
2.0531222820281982
1.8559166193008423
0.6410128474235535
0.5814220309257507
0.5814220309257507
2.3077571392059326
1.2391127347946167
1.326114296913147
2.0539395809173584
0.9390462040901184
1.4121513366699219
0.8881232738494873
1.8419549465179443
0.4170287549495697
1.6352092027664185
0.9375613331794739
1.3744826316833496
1.4801838397979736
1.1340581178665161
1.6469639539718628
2.155268669128418
0.4167836904525757
1.2131879329681396
2.0536632537841797
1.3857072591781616
0.9772412776947021
2.6020214557647705
0.8510672450065613
0.7156274318695068
0.11979519575834274
1.0688896179199219
0.9851702451705933
0.776637852191925
1.0743513107299805
1.2082208395004272
0.5142949819564819
0.39744406938552856
0.4054346978664398
1.0976945161819458
0.9958168268203735
1.0528594255447388
2.4593288898468018
2.4593288898468018
2.4593288898468018
0.7695408463478088
-0.14505581557750702
2.0083701610565186
0.3705931007862091
1.96487295627594
0.4808417856693268
1.6633696556091309
1.0609173774719238
1.0609173774719238
1.0609173774719238
0.2683526575565338
0.9234182238578796
0.9504522681236267
0.449336975812912
0.6017622947692871
0.6017622947692871
0.6017622947692871
0.6017622947692871
0.6017622947692871
0.6017622947692871
1.3260951042175293
0.40178608894348145
0.323733389377594
0.323733389377594
0.323733389377594
0.323733389377594
0.6815817952156067
0.6088810563087463
0.8687434792518616
-0.3251397907733917
0.513034462928772
0.9461023211479187
0.5466969013214111
0.3516824543476105
0.3516824543476105
0.3516824543476105
0.7472460269927979
0.8362545967102051
0.8969951868057251
1.3116514682769775
1.3116514682769775
1.3116514682769775
0.350862056016922
0.5691840648651123
0.40407851338386536
1.4273980855941772
1.1322150230407715
0.39568737149238586
0.39568737149238586
0.39568737149238586
0.2299087792634964
0.8640605211257935
0.8035303354263306
0.5933436751365662
-0.7462270855903625
0.018238283693790436
0.12648850679397583
0.9519942998886108
-0.10131654888391495
0.5105265378952026
-0.1776306927204132
0.4077293872833252
0.6114600896835327
0.07363507896661758
1.0537333488464355
0.5110830068588257
0.6892091631889343
0.6041682362556458
0.4179561734199524
0.9115031361579895
0.07363507896661758
-0.15402056276798248
0.5654811859130859
0.5506040453910828
0.5539644956588745
0.27002063393592834
0.8338372111320496
0.4319853186607361
0.47345849871635437
0.2615037262439728
0.33829841017723083
0.8145816922187805
-0.05185125768184662
0.46612486243247986
0.23007653653621674
0.5602510571479797
0.46163761615753174
0.2772417366504669
0.2583114206790924
-0.06526292115449905
-0.0056274086236953735
0.9517667293548584
0.46309521794319153
0.8158466219902039
0.3848012089729309
0.6963523030281067
-1.0395524501800537
0.5248917937278748
0.5404621958732605
0.6493769884109497
0.2642163336277008
0.3128129243850708
0.2882104218006134
0.5934223532676697
0.616498589515686
0.29118460416793823
0.9594324231147766
0.5044314861297607
0.5457149744033813
0.4277884066104889
0.28531304001808167
0.10790105164051056
0.15800386667251587
-1.0730293989181519
0.38380056619644165
0.22107739746570587
-1.1011549234390259
0.7350361347198486
0.7350361347198486
0.7350361347198486
-0.8069941401481628
-1.2746567726135254
0.07514273375272751
1.2296652793884277
1.2296652793884277
1.2296652793884277
-0.46767541766166687
-0.20312979817390442
0.5332392454147339
-0.8433535099029541
0.5347110629081726
0.5347110629081726
-0.9482694864273071
0.551594614982605
0.29123613238334656
-1.0218278169631958
0.4337303936481476
0.4337303936481476
0.4337303936481476
0.11285514384508133
0.12777164578437805
-0.245272696018219
0.517776370048523
-0.027349796146154404
0.7159241437911987
-0.6399928331375122
0.9948275685310364
-0.5089871287345886
0.7338098883628845
-1.6674418449401855
0.9091038703918457
0.3196185529232025
-1.1458872556686401
-1.0048569440841675
-1.2181264162063599
-0.8983181118965149
-0.8612141013145447
-0.28216639161109924
0.8982797265052795
-1.0960590839385986
-1.095796823501587
-1.5201481580734253
0.044591113924980164
0.13052071630954742
0.7425858378410339
-1.1201772689819336
-1.1201772689819336
-0.6316900253295898
0.14384904503822327
-0.6706191301345825
-0.8900453448295593
-0.3183879554271698
0.04114988446235657
0.22745922207832336
-1.1404725313186646
-0.41390806436538696
-1.432602882385254
-1.104958415031433
-0.9107805490493774
-1.1865099668502808
-0.9292020797729492
-1.2157725095748901
-0.6924183368682861
-1.3511931896209717
-1.0007669925689697
-1.1867183446884155
-1.7526646852493286
-0.6366727352142334
-1.043518304824829
-1.1014173030853271
-0.8131685256958008
-1.155835509300232
-0.9914073944091797
-0.9501639604568481
-1.0624810457229614
-1.0624810457229614
-1.0624810457229614
-1.0624810457229614
-1.0624810457229614
-1.0624810457229614
-1.0624810457229614
-1.0624810457229614
-1.0624810457229614
-1.0624810457229614
-1.0624810457229614
-1.0624810457229614
-1.0624810457229614
-1.0624810457229614
1.0690070390701294
0.528630256652832
0.73297119140625
-1.2324873208999634
-1.2311819791793823
-0.5686538219451904
-1.098526954650879
0.14315366744995117
0.029065724462270737
0.2646428644657135
-1.324029803276062
-0.4995426535606384
0.4025231897830963
-1.065793752670288
-0.9669069051742554
-1.4747024774551392
-0.7141478657722473
-0.5644063353538513
-0.8151597380638123
-0.0991416797041893
-0.9799493551254272
-0.8418607115745544
-1.4787846803665161
-1.2509615421295166
-1.7341004610061646
-0.5788882970809937
-0.9064025282859802
-1.740822672843933
-1.2112191915512085
-1.334312081336975
-1.2223682403564453
-1.2112191915512085
-1.2223682403564453
-1.2223682403564453
-1.1867183446884155
-1.1867183446884155
-1.1867183446884155
-1.1867183446884155
-1.1867183446884155
-0.9474835395812988
-1.1867183446884155
-1.1867183446884155
-1.0624810457229614
-1.0624810457229614
-1.0624810457229614
-1.0624810457229614
-1.0624810457229614
-1.0624810457229614
-1.0624810457229614
-1.0624810457229614
-1.0624810457229614
-1.0624810457229614
-1.0624810457229614
-1.0624810457229614
-1.0624810457229614
-1.0624810457229614
-1.0624810457229614
-1.0624810457229614
-1.0624810457229614
-1.0624810457229614
-1.0624810457229614
-1.0624810457229614
-1.0624810457229614
-1.0624810457229614
-1.0624810457229614
-1.0624810457229614
-1.0624810457229614
-1.0624810457229614
-1.0624810457229614
-1.0624810457229614
-1.0624810457229614
-1.0624810457229614
-1.0624810457229614
-1.0624810457229614
-1.0624810457229614
-1.0624810457229614
-1.0624810457229614
-1.0624810457229614
-1.0624810457229614
-1.0624810457229614
-1.0624810457229614
-1.0624810457229614
-1.0624810457229614
-1.0624810457229614
-1.0624810457229614
-1.0624810457229614
-1.0624810457229614
-1.0624810457229614
-1.0624810457229614
-1.0624810457229614
-1.0624810457229614
-1.0624810457229614
-1.0624810457229614
-1.0624810457229614
-1.0624810457229614
-1.0624810457229614
-1.0624810457229614
-1.0624810457229614
-1.0624810457229614
-1.0624810457229614
-1.0624810457229614
-1.0624810457229614
-1.0624810457229614
-1.0624810457229614
-1.0624810457229614
-1.0624810457229614
-1.0624810457229614
1.3048014640808105
0.3348435163497925
1.7521229982376099
2.1492199897766113
0.5880812406539917
-0.2641010880470276
0.5659741163253784
-0.45619723200798035
1.399220585823059
0.1714983433485031
0.5143128037452698
0.618773341178894
-0.6409609913825989
0.7050024271011353
1.7464762926101685
0.8045023083686829
0.5170066356658936
0.9375324845314026
-0.02905210852622986
1.0557681322097778
0.3321831524372101
0.3516344428062439
1.36858332157135
0.5429521203041077
0.6349615454673767
0.8161822557449341
0.38635748624801636
0.2773376405239105
0.5933957099914551
0.3935888111591339
0.14489328861236572
0.15604209899902344
-0.5883631706237793
0.021284552291035652
0.49688851833343506
-1.2118682861328125
0.452086478471756
1.389298439025879
-0.019131898880004883
1.2432646751403809
0.43148404359817505
-1.3228178024291992
-0.8552743196487427
-0.971518874168396
0.4526222348213196
-1.617024540901184
-0.07457545399665833
0.4756084680557251
0.3856322169303894
0.4264076352119446
-0.06621804088354111
-0.06588990986347198
-1.4555474519729614
0.012380455620586872
0.2018629014492035
-0.4087737500667572
0.018498791381716728
-0.35546693205833435
-0.215257927775383
-1.4565480947494507
-0.215257927775383
-0.3827711045742035
-0.0016104299575090408
-0.6949652433395386
0.032790012657642365
-0.10710244625806808
0.19052758812904358
0.4138903021812439
-0.4814538061618805
0.4541608691215515
1.136652946472168
0.7667480707168579
-1.7371790409088135
0.9048281908035278
0.9048281908035278
0.9048281908035278
0.9048281908035278
-0.7931986451148987
0.9048281908035278
0.9048281908035278
0.5398575067520142
0.5505629777908325
0.5505629777908325
1.152896761894226
0.7669267654418945
0.7669267654418945
0.24321648478507996
-0.005454882513731718
0.6297105550765991
0.4695638418197632
-1.0941287279129028
-0.9605779051780701
-1.0941287279129028
0.6815894842147827
0.7109922170639038
-1.5940978527069092
0.6879482269287109
-1.032571792602539
-0.7168763279914856
0.13163088262081146
-0.9304376244544983
0.4775165915489197
0.02730194665491581
-0.9551282525062561
0.09573803842067719
-1.437541127204895
-0.18266020715236664
-1.1027637720108032
0.13538239896297455
-0.7355297207832336
-0.10752134770154953
0.9792089462280273
-1.1027637720108032
-1.1027637720108032
-1.1027637720108032
-1.1027637720108032
0.21520888805389404
-1.3975969552993774
0.6801260709762573
0.48617300391197205
-0.7401387691497803
-0.7401387691497803
-0.0024093473330140114
-0.0024093473330140114
-1.0043712854385376
0.16537414491176605
-1.2971282005310059
0.03900176286697388
0.1148034855723381
0.21520888805389404
-1.4806478023529053
-1.2844488620758057
-0.11146236956119537
0.2189422994852066
-1.2971282005310059
0.21520888805389404
-0.7821229696273804
0.21520888805389404
-0.7821229696273804
-0.5537950992584229
0.3733624517917633
0.06244666501879692
-0.7821229696273804
-0.7821229696273804
-0.7821229696273804
-0.7591524124145508
-0.7948024272918701
-0.7591524124145508
-0.7591524124145508
-0.6526690721511841
-0.7767841219902039
-0.7767841219902039
-0.6526690721511841
-0.7767841219902039
-0.6526690721511841
-1.0624810457229614
-1.0624810457229614
-1.0624810457229614
-1.0624810457229614
-1.0624810457229614
-1.0624810457229614
-1.0624810457229614
-1.0624810457229614
-1.0624810457229614
-1.0624810457229614
-1.0624810457229614
-1.0624810457229614
-1.0624810457229614
-1.0624810457229614
-1.0624810457229614
-1.0624810457229614
-1.0624810457229614
-1.0624810457229614
-1.0624810457229614
1.2969213724136353
1.5420132875442505
1.5299028158187866
-0.037411898374557495
0.42124125361442566
-0.3209396302700043
-0.3558334708213806
-0.2621823847293854
-0.29469186067581177
0.6804399490356445
-0.9133870601654053
1.454399585723877
1.7103886604309082
0.036028310656547546
-0.7376117706298828
0.35539010167121887
-0.023726467043161392
0.2515377104282379
0.6209312677383423
-0.7582564353942871
-0.5033847093582153
0.38710176944732666
-0.768043577671051
-0.5007114410400391
-0.37092098593711853
-0.4689135253429413
-0.8138880133628845
-1.096971035003662
-1.1547828912734985
-1.2146698236465454
-0.6842324733734131
-0.8767347931861877
-1.4663658142089844
-1.564871907234192
-0.4619200527667999
-1.5929760932922363
-1.7203325033187866
-0.5149234533309937
-1.6687188148498535
-1.6727429628372192
0.5848195552825928
-0.9508410692214966
-1.8841544389724731
-0.5227684378623962
0.2545674443244934
-0.19638293981552124
-1.213321566581726
-1.3337477445602417
-1.3640514612197876
-1.405423879623413
-1.203492522239685
-1.4029250144958496
0.6008915901184082
-0.6330466270446777
-1.6770457029342651
-1.7685047388076782
-1.4375354051589966
-0.7292736172676086
-0.9529799222946167
-0.7541300058364868
-1.018647313117981
-1.0163488388061523
-1.8970005512237549
-0.5849810242652893
-0.9289059638977051
-1.251549243927002
-0.370766818523407
-1.6630789041519165
-1.1070636510849
-1.0844544172286987
-1.4301480054855347
-1.9076036214828491
-0.8277229070663452
-0.16099287569522858
-0.491005003452301
-1.2145576477050781
-0.035081442445516586
-0.7361188530921936
-0.47671759128570557
-0.3051885664463043
-1.0127569437026978
-0.9927642345428467
-1.1523247957229614
-1.2280982732772827
-1.692280888557434
-1.1612155437469482
-0.6886178255081177
-0.3706451654434204
-0.9570077657699585
-1.2280982732772827
-1.9917080402374268
-1.0354560613632202
-1.1796668767929077
-1.1014173030853271
-1.1014173030853271
-1.3034498691558838
-1.8263410329818726
-1.2665280103683472
-1.0509365797042847
-0.5678551197052002
-1.0434672832489014
-1.166191816329956
-1.6318652629852295
-1.3775969743728638
0.21575576066970825
-1.2971282005310059
-1.2486966848373413
-1.3558777570724487
-1.192346215248108
-1.8233948945999146
-1.7766960859298706
-1.1156446933746338
-1.2900372743606567
-1.9117156267166138
-1.2971282005310059
-0.9023531675338745
-1.085451364517212
-1.3256791830062866
-1.0744011402130127
-0.7290420532226562
-1.1057792901992798
-1.085451364517212
-0.49926453828811646
-1.1542109251022339
-0.7264230847358704
-0.5960206985473633
-1.2665280103683472
-1.261478304862976
-1.0744011402130127
-1.218096375465393
-1.0521069765090942
-1.261478304862976
-0.7034714221954346
-1.1632359027862549
-0.8549885749816895
-1.261478304862976
-0.8157884478569031
-0.9501639604568481
-0.9501639604568481
-1.0624810457229614
-1.0624810457229614
-1.0624810457229614
-1.0624810457229614
-0.9501639604568481
-1.0624810457229614
-1.0624810457229614
-1.0624810457229614
-1.0624810457229614
-1.0624810457229614
-1.0624810457229614
1.958311676979065
0.7728307843208313
-0.24961800873279572
-0.9792599678039551
1.3196179866790771
0.7722218632698059
0.18604876101016998
0.09605072438716888
-1.2991867065429688
-0.9472485184669495
-0.6203164458274841
-0.18892578780651093
-0.6274073719978333
-0.1602592021226883
-0.30561593174934387
-0.49465543031692505
-0.9383009076118469
-0.6195448040962219
-0.9077847003936768
0.6805791854858398
-0.7499963045120239
1.0456104278564453
-1.309083342552185
-0.9743251204490662
-0.846098780632019
-0.8300604224205017
-0.6111713647842407
-1.3715429306030273
-0.5912835001945496
-1.0523414611816406
-1.3885271549224854
-1.3834244012832642
-0.47156062722206116
-1.806584119796753
-1.2299991846084595
-0.7716398239135742
-0.8585710525512695
-0.8588215112686157
-0.49316757917404175
-0.4994931221008301
-0.4372800588607788
-0.5549194812774658
-0.505750298500061
-1.015705943107605
-1.2241634130477905
-1.5938676595687866
-1.3595627546310425
-1.2653374671936035
0.9975911974906921
-0.7084973454475403
0.7252597808837891
-0.5285375118255615
-1.220781683921814
-0.7051762342453003
-0.10957183688879013
-0.6170520186424255
-0.5782389044761658
-0.5923735499382019
-1.4236791133880615
-0.2061799317598343
-0.08639005571603775
0.06472986936569214
-0.3237573504447937
0.10736119002103806
-0.4605936110019684
-0.30071181058883667
-0.1449611932039261
-0.33137932419776917
-0.411873459815979
-0.4872567057609558
-1.27070951461792
0.10533798485994339
-1.2088288068771362
-1.0404410362243652
-1.1466480493545532
-1.0498225688934326
-0.5387595891952515
-0.9856767654418945
-0.7590656876564026
-0.7757656574249268
-0.9306712746620178
-1.0389052629470825
-0.8773252367973328
-0.6149064302444458
-0.752438485622406
-1.3576258420944214
-0.7382025718688965
-0.3434413969516754
-0.7356541156768799
-0.7895747423171997
-1.4959052801132202
-1.4529597759246826
-1.2750859260559082
-1.6062082052230835
-1.4610096216201782
-1.0671778917312622
-1.2568031549453735
-1.1271454095840454
-0.779800295829773
-1.4409384727478027
-0.8998241424560547
-1.5855478048324585
-1.082579493522644
-1.5887207984924316
-1.7364161014556885
-1.0508447885513306
-1.0655726194381714
-1.4063737392425537
-1.5009878873825073
-1.336370825767517
-1.2448399066925049
-1.1321314573287964
-0.7095705270767212
-1.1963491439819336
-1.2999588251113892
-1.5596261024475098
-1.0594531297683716
-0.9937713146209717
-1.5661661624908447
-1.3849352598190308
-1.6770366430282593
-1.1419553756713867
0.41951847076416016
-0.640362024307251
-1.0759304761886597
-1.343848705291748
-1.0951268672943115
-1.2259868383407593
-0.49811336398124695
-1.3188350200653076
-0.9321067333221436
-1.1749804019927979
-0.5749945640563965
-0.8351659774780273
-0.4709453880786896
-0.8481467962265015
-1.1515251398086548
0.7725406289100647
0.6710252165794373
0.5750952363014221
1.3230223655700684
1.74256432056427
1.58948814868927
1.2304044961929321
1.2304044961929321
1.2304044961929321
1.2304044961929321
0.506866991519928
0.506866991519928
1.575460433959961
1.787819266319275
1.1013948917388916
0.6563932299613953
0.5425759553909302
0.11462394893169403
0.12697845697402954
0.6710003614425659
0.5455915331840515
-0.7013490200042725
-0.9093782305717468
-0.5568066835403442
-0.7456874847412109
-0.3284243047237396
-0.688687264919281
-0.8457839488983154
0.029164500534534454
-0.0015674072783440351
-0.232672318816185
-0.23362453281879425
-0.008412312716245651
-0.24324354529380798
-0.24324354529380798
-0.6022703051567078
-0.9362038373947144
-0.8900352716445923
0.4728858470916748
-0.8728910684585571
-0.34207767248153687
-0.8991458415985107
0.05211576074361801
-0.010290035977959633
-0.3360033631324768
-0.25633466243743896
0.4240915775299072
-0.0483257882297039
-0.4426012337207794
0.263572096824646
-0.639129102230072
-0.4315728545188904
-0.786517322063446
-0.780845582485199
-0.2555355727672577
-0.01997235231101513
-0.7821945548057556
-1.4829518795013428
-0.7125565409660339
-0.6921810507774353
-0.13476552069187164
-0.6278712749481201
-0.2889709174633026
-0.5211338400840759
0.05671089142560959
-0.37644585967063904
-0.4004615247249603
-0.35140490531921387
-0.7006613612174988
-0.5619365572929382
-0.2872115671634674
0.18210506439208984
-0.3780328631401062
-0.42292869091033936
0.37341898679733276
-0.5212895274162292
0.14204198122024536
-1.0174906253814697
0.1592860072851181
-0.7877852916717529
-0.9770855903625488
-0.8066835999488831
-0.3807562589645386
0.2226075828075409
0.2226075828075409
-0.6118484139442444
-0.3917616009712219
-0.7418168783187866
-1.0958712100982666
-0.7832378149032593
-0.4236529469490051
-0.3944849967956543
-0.4888042211532593
-0.7664726972579956
-0.8275467157363892
0.3192202150821686
-0.38010990619659424
-0.30969369411468506
0.4749888777732849
-0.6801490783691406
-0.4615503251552582
-0.7600511908531189
-0.5350005626678467
-0.708747386932373
-0.7158975005149841
-0.8344781398773193
-1.0304832458496094
-0.5494111776351929
-0.9455426931381226
-1.271514654159546
-0.6828580498695374
-0.6828580498695374
-1.1044517755508423
-0.6336554288864136
-0.6756396293640137
-0.6756396293640137
-0.6756396293640137
-1.1044517755508423
-0.6756396293640137
-0.6756396293640137
-0.6883190870285034
-0.6883190870285034
-0.6883190870285034
-0.6526690721511841
-1.0624810457229614
-1.0624810457229614
-1.0624810457229614
-1.0624810457229614
-1.0624810457229614
-1.0624810457229614
-1.0624810457229614
-1.0624810457229614
2.0719058513641357
1.092223048210144
2.1649832725524902
1.2343698740005493
2.269836664199829
2.269836664199829
2.7771263122558594
2.599313259124756
2.4195921421051025
2.089901924133301
1.248692512512207
0.42925745248794556
2.3636038303375244
1.4879395961761475
1.133007526397705
1.0980976819992065
1.125739574432373
0.4092637598514557
0.967403769493103
0.36511361598968506
-0.22545106709003448
1.256451964378357
0.8135539293289185
0.8289488554000854
0.7430626749992371
1.2228119373321533
0.7099267840385437
1.0986146926879883
0.32570645213127136
1.5010629892349243
0.4694865047931671
0.6911953687667847
0.6848618984222412
0.2994706332683563
1.7293596267700195
-0.4748346507549286
1.4728503227233887
1.8346728086471558
0.16617150604724884
1.4517866373062134
0.599016547203064
1.337706208229065
1.5070205926895142
1.6237775087356567
1.3218539953231812
0.342001348733902
1.4982843399047852
1.1075718402862549
0.809194803237915
1.2122223377227783
1.1469675302505493
0.06092735007405281
1.177623987197876
0.8046947717666626
0.8185957670211792
0.8937223553657532
-0.4632588326931
1.0508769750595093
0.8299035429954529
0.6458457708358765
0.31449705362319946
0.9559189081192017
1.093599557876587
0.31497499346733093
1.2370538711547852
1.1137049198150635
1.4906691312789917
1.0303922891616821
0.8812795281410217
0.7767284512519836
0.47994881868362427
0.07184572517871857
0.30602461099624634
1.1039929389953613
1.1464966535568237
0.7425788044929504
0.466533899307251
0.22481809556484222
1.0314966440200806
0.46625781059265137
0.5878056883811951
0.4727596640586853
0.41765227913856506
0.9906080961227417
-0.34019458293914795
0.2674894332885742
0.21992121636867523
1.723631501197815
0.3346240520477295
0.0650329515337944
-0.43525952100753784
-0.32445794343948364
0.4036065638065338
0.17290034890174866
0.29314008355140686
1.491254448890686
-0.4085403084754944
-0.4085403084754944
-0.4085403084754944
0.011367794126272202
0.13170522451400757
0.13170522451400757
0.13170522451400757
0.13170522451400757
0.13170522451400757
0.8700002431869507
0.4097893536090851
0.41851750016212463
-0.21936848759651184
0.595090389251709
0.2601962983608246
0.26029568910598755
0.23098629713058472
0.7677654027938843
-0.10443657636642456
-0.10443657636642456
-0.10443657636642456
-0.10443657636642456
-0.10443657636642456
0.41851750016212463
0.5801358819007874
1.238553762435913
-0.26534247398376465
0.16650962829589844
0.9017802476882935
0.7559021711349487
0.25066936016082764
0.4537200331687927
0.03436915948987007
0.41733628511428833
0.46554046869277954
0.5428462624549866
-0.0959334596991539
-0.11169800162315369
0.050927042961120605
0.30874738097190857
0.30874738097190857
0.4617030620574951
0.19326946139335632
0.40968915820121765
0.7831538915634155
-0.03620905801653862
0.4981265366077423
0.4175507128238678
0.09004402160644531
0.46197938919067383
0.5073409080505371
0.3849662244319916
0.03893107920885086
0.5222132802009583
0.28041765093803406
0.2689284384250641
0.5333336591720581
0.24775303900241852
-0.1969759315252304
0.3376830220222473
0.325642853975296
0.10248228162527084
0.051016539335250854
0.4476882219314575
-0.17872042953968048
0.2339351922273636
-0.1487421989440918
0.821658194065094
0.23973391950130463
0.09948109835386276
-0.05285581946372986
0.33764535188674927
0.5059747099876404
0.5274739265441895
-0.18963593244552612
-0.44946104288101196
0.31218746304512024
0.8666232824325562
-0.5443544387817383
0.9115064144134521
0.48368391394615173
0.4426617920398712
0.32189682126045227
0.11404464393854141
1.2727574110031128
0.7012611031532288
1.040313720703125
0.23726917803287506
-1.1263401508331299
0.4501006603240967
1.144796371459961
0.3307695686817169
0.2788076400756836
-0.8420279622077942
0.474281370639801
1.046811819076538
-1.060890793800354
0.792078971862793
-0.6702656745910645
-0.9356858134269714
0.29939860105514526
-0.7978798747062683
0.6478903293609619
-0.7459025382995605
-0.9051239490509033
-0.5507157444953918
-0.46864643692970276
-0.5502305030822754
-1.0553900003433228
1.403195858001709
-0.9297531247138977
-0.9780017733573914
0.6219400763511658
0.619705855846405
-0.32915523648262024
-0.765058696269989
-1.2944353818893433
-1.199328064918518
-1.2010231018066406
-1.160103678703308
0.4192371368408203
-1.140053391456604
-0.1700516939163208
-0.7386187314987183
-1.5553146600723267
-0.9739714860916138
-1.099869728088379
-1.2739248275756836
-1.5834414958953857
-1.4026329517364502
-1.2235575914382935
-1.1835441589355469
-1.35652756690979
-1.1835441589355469
-1.2115435600280762
-1.0852794647216797
-0.903982400894165
-1.0440537929534912
-1.5947680473327637
-1.0378851890563965
-1.1528832912445068
-1.423851728439331
-1.0981309413909912
-1.0981309413909912
-1.0624810457229614
-1.0624810457229614
-1.0624810457229614
3.0171525478363037
-0.0020012471359223127
2.626347064971924
1.272546410560608
0.8855594396591187
0.9223848581314087
3.5828142166137695
1.677679181098938
2.0498569011688232
2.211318016052246
2.4195971488952637
2.2926278114318848
0.9056496620178223
1.3620336055755615
1.6035369634628296
1.6035369634628296
0.5582544207572937
1.903757095336914
1.676045536994934
1.676045536994934
1.676045536994934
1.676045536994934
1.4822949171066284
1.1340724229812622
1.1340724229812622
1.1340724229812622
-1.348639965057373
2.4284908771514893
1.5465731620788574
1.6071945428848267
1.6071945428848267
1.6071945428848267
1.6071945428848267
1.6071945428848267
1.6071945428848267
0.3135714828968048
1.5927141904830933
1.4071472883224487
1.4071472883224487
1.4071472883224487
1.4071472883224487
1.4071472883224487
1.4337124824523926
-0.45125871896743774
-0.23548422753810883
1.251734972000122
1.3583364486694336
1.3583364486694336
-0.675426721572876
2.253082752227783
1.487075686454773
1.487075686454773
1.7176830768585205
0.01481324527412653
0.7913396954536438
2.275792360305786
-0.06743734329938889
-0.8693196773529053
0.027859069406986237
2.8296475410461426
1.9929063320159912
0.13238874077796936
1.9900047779083252
2.0941014289855957
1.6312566995620728
-0.4469354748725891
2.1419479846954346
-0.4388894736766815
1.4715663194656372
-0.17484860122203827
0.1424894630908966
1.219300627708435
1.5819975137710571
1.51791512966156
1.704154133796692
-0.07880821079015732
-0.020448578521609306
0.6465882658958435
-0.2389955073595047
-0.5644339919090271
-0.5792292952537537
1.7614659070968628
1.3220078945159912
1.486587405204773
1.4352279901504517
1.7159435749053955
-0.43747180700302124
1.5523792505264282
1.7351698875427246
1.3739333152770996
-0.7668254971504211
1.3329845666885376
0.6659380793571472
2.060731887817383
1.7351698875427246
1.264648199081421
-0.5379114747047424
1.2950305938720703
-0.5796120762825012
1.2465795278549194
2.0827434062957764
2.592792510986328
2.6240530014038086
1.3648186922073364
1.5095306634902954
0.9653267860412598
1.0322835445404053
1.313491702079773
-1.2853087186813354
-0.4808266758918762
1.894728422164917
-0.5696365237236023
2.0796852111816406
-0.4890369176864624
1.9467296600341797
1.9612646102905273
2.1604206562042236
2.417989492416382
1.8673853874206543
0.43076711893081665
1.1827892065048218
1.122320532798767
1.1526546478271484
1.1851160526275635
1.5669958591461182
1.056040644645691
1.0052465200424194
-0.9327185153961182
0.6834139823913574
0.9697967767715454
1.1200095415115356
2.588693618774414
1.4878875017166138
-0.9739618301391602
1.1453100442886353
1.1453100442886353
1.0659617185592651
-1.2579491138458252
1.25031316280365
-0.25984567403793335
-1.4169297218322754
1.0987647771835327
0.8984074592590332
1.2850258350372314
2.2669878005981445
-1.2186022996902466
-1.1487462520599365
0.8815686702728271
2.0701215267181396
-1.0518356561660767
-1.4186400175094604
-1.2927370071411133
-1.541390061378479
-0.9849777817726135
0.9691596031188965
-0.6945977210998535
-1.4203909635543823
-1.2432633638381958
-1.1057592630386353
-1.2265974283218384
1.4020804166793823
-1.1602050065994263
1.5738967657089233
-1.2049788236618042
1.5351749658584595
1.7813875675201416
-0.9141932129859924
-0.5009927749633789
-0.5367804169654846
-0.872917890548706
-1.0435535907745361
-0.5268162488937378
-1.1574270725250244
-0.6108664274215698
-0.3602927327156067
-1.1871750354766846
-1.261478304862976
-1.1515251398086548
-1.1515251398086548
-1.0624810457229614
-1.0624810457229614
-1.0624810457229614
-1.0624810457229614
-1.0624810457229614
-1.0624810457229614
-1.0624810457229614
-1.0624810457229614
-1.0624810457229614
-1.0624810457229614
-1.0624810457229614
-1.0624810457229614
-1.0624810457229614
-1.0624810457229614
2.116097927093506
1.94952392578125
1.7599612474441528
1.823529601097107
2.2538886070251465
2.0309178829193115
1.9153300523757935
0.772684633731842
0.8870156407356262
0.547447144985199
0.4751288592815399
0.31743985414505005
2.826907157897949
1.5174620151519775
0.30689895153045654
0.9284834265708923
0.4284261167049408
-0.0928124189376831
1.1024353504180908
0.3688618838787079
1.7556911706924438
1.2310802936553955
1.1290251016616821
1.0119175910949707
0.29231885075569153
0.7612516283988953
0.07887249439954758
1.6194857358932495
0.8708052039146423
0.209950253367424
0.32064181566238403
-0.28303655982017517
-0.2614169418811798
0.22594957053661346
1.0307949781417847
0.5107288360595703
0.5863603353500366
1.0865283012390137
-0.4965967535972595
0.5599835515022278
0.07875170558691025
0.864942729473114
-0.10831345617771149
0.2311123162508011
-1.168400764465332
0.21296104788780212
0.7093756794929504
-0.9184972643852234
-0.7971815466880798
-0.06739500164985657
0.026136215776205063
0.9136996865272522
-0.5645920038223267
-0.13217201828956604
0.0950518548488617
0.0871068686246872
-0.5658410787582397
0.07889969646930695
0.48434945940971375
-0.14720119535923004
-0.14720119535923004
-0.6931564807891846
-0.12088318914175034
-0.21935661137104034
-0.49773216247558594
-0.6061518788337708
0.5112720727920532
-0.49773216247558594
-0.41545960307121277
-0.06321267038583755
-0.09248384833335876
-0.7534679174423218
1.2107285261154175
-0.16066399216651917
-0.5465145111083984
-0.012198884040117264
-0.5068303346633911
-0.25265541672706604
-0.3398006856441498
0.12936323881149292
0.17475272715091705
-0.6145690083503723
0.7953367233276367
0.606818675994873
-0.16032186150550842
-0.3839706480503082
-0.5984131693840027
0.226820707321167
-0.4579351842403412
-0.17996764183044434
-0.2224528044462204
-0.27100080251693726
-0.48632246255874634
0.10053602606058121
-0.5833117961883545
0.41571417450904846
-0.7452164888381958
0.5494124889373779
0.2096250355243683
0.007593503221869469
-0.4967850148677826
-0.2916548550128937
8.123274892568588E-4
-0.23496517539024353
0.020278997719287872
0.5491844415664673
0.7678584456443787
-0.5586900115013123
-0.14407776296138763
0.20753800868988037
-0.7210073471069336
-0.2952587902545929
-0.5434325933456421
0.18137924373149872
-0.5828114748001099
-0.5284930467605591
-0.4827518165111542
-0.5681774020195007
-0.02998199313879013
0.06748348474502563
-0.35961371660232544
-0.2593223750591278
-0.3219313323497772
-0.08663623780012131
-0.5497498512268066
0.11146324872970581
-0.9714109301567078
-0.7227458953857422
-0.2499130517244339
1.256340742111206
1.3141093254089355
-0.7148414254188538
-0.6142616271972656
0.1850947141647339
0.11378651112318039
-0.6983556151390076
0.1620037704706192
-0.25606569647789
0.36626097559928894
0.36626097559928894
-0.5311219692230225
-0.42128708958625793
-0.5694183111190796
0.5249270796775818
-0.3560316264629364
-1.457656979560852
-0.03447812795639038
-0.03447812795639038
0.09396910667419434
1.0157676935195923
1.3580511808395386
-0.9560075402259827
0.3837103545665741
-0.16897642612457275
0.6943415403366089
0.10854174941778183
0.7055816650390625
-0.03447812795639038
-0.03447812795639038
-0.03447812795639038
-0.03447812795639038
-0.03447812795639038
-0.469134658575058
-0.22395269572734833
-0.19025051593780518
0.5600144267082214
0.5512875318527222
-1.205681562423706
-0.8328421711921692
-0.43211090564727783
-0.5205053091049194
0.02005036734044552
0.7440013885498047
1.150016188621521
0.4370343089103699
-0.3796888291835785
-0.4611293077468872
0.4934079051017761
-1.1848081350326538
-0.6247969269752502
-0.5742482542991638
0.5670992732048035
-0.04937305301427841
0.6188544631004333
0.2514377236366272
-0.20890077948570251
1.426047682762146
0.6304944753646851
0.4037242829799652
-0.3855779469013214
-0.19240766763687134
-0.22063545882701874
-0.682508647441864
0.2902469336986542
-0.7667522430419922
-0.8335157632827759
-0.17471012473106384
-0.5730008482933044
0.3827438950538635
-0.6966587901115417
-0.351172536611557
0.023824840784072876
1.2905579805374146
-1.2019367218017578
-0.9269255995750427
0.08031533658504486
0.42938247323036194
0.694283127784729
-0.7224986553192139
-0.25484728813171387
-1.8767344951629639
-1.4156278371810913
-1.047353744506836
-1.343762993812561
-1.249917984008789
-0.318818598985672
-0.8556665778160095
-1.0207178592681885
-0.571532130241394
-0.9046230912208557
1.4951144456863403
-1.1180634498596191
0.6583027839660645
-0.07472357898950577
1.1653181314468384
-0.959725022315979
0.25389644503593445
-1.2815369367599487
-0.45935484766960144
-0.7351647019386292
-1.601516842842102
-0.8164096474647522
0.6583884954452515
-0.2648714780807495
-0.049730926752090454
-1.275862455368042
-1.5020948648452759
-0.323784738779068
0.7556650042533875
-0.323784738779068
-0.8893113732337952
-0.028701556846499443
-0.7459300756454468
-0.028701556846499443
-0.7150164246559143
-0.46716585755348206
-1.7298345565795898
-0.6077678203582764
-0.8832595944404602
0.45576509833335876
-0.6077678203582764
-0.6159008741378784
-0.9480254650115967
0.6174818277359009
-0.2507133185863495
-0.8224267959594727
-0.8224267959594727
-0.26253318786621094
-0.9124927520751953
-0.5300319194793701
-0.1438429206609726
-0.38649725914001465
-1.3514490127563477
0.6797454953193665
-0.9708190560340881
-0.8960232138633728
-0.38649725914001465
-1.0518754720687866
0.022608816623687744
-0.930692732334137
-1.2577680349349976
-1.191176414489746
-1.0662411451339722
-1.3348194360733032
-1.134276270866394
-0.4973791241645813
-1.0038784742355347
0.3065730333328247
-1.2342060804367065
-0.8533589839935303
0.0561952069401741
-1.1385098695755005
0.23229384422302246
-0.47023215889930725
-1.241308569908142
-1.2339651584625244
-0.6239873170852661
-1.4373263120651245
-1.0271039009094238
-1.1068006753921509
-1.343462586402893
-1.2672423124313354
-1.4958343505859375
-1.2672423124313354
-1.4905409812927246
-1.3303637504577637
-1.3965380191802979
-0.8870155215263367
-0.6510352492332458
-1.4555258750915527
-1.0938712358474731
-1.2929457426071167
-1.0938712358474731
-1.331445336341858
-1.2074918746948242
-0.9617034196853638
-0.9429336786270142
-1.2486966848373413
-1.055250644683838
-0.9474830031394958
-1.0624810457229614
-1.0624810457229614
-1.0624810457229614
-1.0624810457229614
-1.0624810457229614
-1.0624810457229614
-1.0624810457229614
-1.0624810457229614
-1.0624810457229614
-1.0624810457229614
0.6785723567008972
0.9407539367675781
0.4127112627029419
0.433048278093338
0.3746238350868225
1.0018165111541748
0.24411813914775848
-0.016156010329723358
1.0139809846878052
0.728095531463623
-0.2563783824443817
0.44664862751960754
1.62675142288208
0.3163323402404785
0.03811585158109665
0.10928326100111008
1.480724811553955
-0.2676793336868286
-0.4560999274253845
-0.36440223455429077
-0.838552713394165
-0.013556555844843388
-0.12761914730072021
0.3104683756828308
-0.9097074270248413
-2.5110416412353516
-0.6184002757072449
-0.883535623550415
-0.4279389977455139
-1.4671157598495483
-0.9428459405899048
-0.6521908640861511
-0.5557449460029602
-0.597524881362915
-1.347390055656433
-0.9409810304641724
-1.076133131980896
0.5470923781394958
-1.2669609785079956
-1.5032223463058472
-1.2091330289840698
-1.5416051149368286
-2.258192777633667
-1.5929560661315918
-1.5639617443084717
-1.835694432258606
-1.3997715711593628
-1.235367774963379
-0.6488111019134521
-0.6221280694007874
-1.6020379066467285
-1.6566070318222046
0.32933446764945984
-0.6620089411735535
-1.5602518320083618
0.17519792914390564
-1.5822197198867798
-1.6566070318222046
-0.7315537333488464
-0.8883966207504272
-1.0751761198043823
-1.6402848958969116
-1.5980232954025269
-1.1091002225875854
-1.6824777126312256
-0.8478758335113525
-0.8046550154685974
0.8718289732933044
-0.8168742656707764
-0.909131646156311
-0.1956041306257248
-0.7803352475166321
-0.8778483867645264
-1.2671871185302734
-1.2671871185302734
-0.9501639604568481
-0.8678882122039795
-0.8663238883018494
-1.0624810457229614
-1.0731593370437622
-1.0422765016555786
-1.2671871185302734
-1.030632495880127
-1.2363042831420898
-1.0624810457229614
-1.0624810457229614
-1.0624810457229614
-1.0624810457229614
-1.0624810457229614
-1.0624810457229614
-1.0624810457229614
-1.0624810457229614
-1.0624810457229614
-1.0624810457229614
-1.0624810457229614
-1.0624810457229614
-1.0624810457229614
-1.0624810457229614
-1.0624810457229614
-1.0624810457229614
-1.0624810457229614
-1.0624810457229614
-1.0624810457229614
-1.0624810457229614
-1.0624810457229614
-1.0624810457229614
-1.0624810457229614
-1.0624810457229614
-1.0624810457229614
-1.0624810457229614
-1.0624810457229614
-1.0624810457229614
-1.0624810457229614
-1.0624810457229614
-1.0624810457229614
-1.0624810457229614
-1.0624810457229614
-1.0624810457229614
-1.0624810457229614
-1.0624810457229614
-1.0624810457229614
-1.0624810457229614
-1.0624810457229614
-1.0624810457229614
-1.0624810457229614
-1.0624810457229614
-1.0624810457229614
-1.0624810457229614
-1.0624810457229614
-1.0624810457229614
-1.0624810457229614
-1.0624810457229614
-1.0624810457229614
1.9662361145019531
2.515352964401245
2.129324197769165
0.6080447435379028
2.1907999515533447
0.8519134521484375
1.4544395208358765
1.0943667888641357
1.2260903120040894
0.43087682127952576
1.3351722955703735
0.4265210032463074
0.7035010457038879
0.43271133303642273
0.2834899127483368
-0.9146494269371033
0.4914829134941101
0.2246498316526413
0.3352722227573395
0.6181865930557251
0.5165250301361084
0.27382639050483704
0.90605628490448
0.528483510017395
0.10079652070999146
-0.2181311398744583
-0.2181311398744583
0.16285118460655212
-0.17416639626026154
0.43496522307395935
0.1275387406349182
0.29643166065216064
0.5689202547073364
0.09753623604774475
-0.24848610162734985
0.39043641090393066
-0.7518896460533142
-0.09853833168745041
0.07376078516244888
-0.1430048942565918
-0.30655235052108765
-0.3033598065376282
0.9005563855171204
-0.3802018463611603
-0.10731508582830429
0.3647899925708771
-0.3491800129413605
0.4460369944572449
0.40816807746887207
0.9155676960945129
0.19254857301712036
0.07041402161121368
0.6792517304420471
0.9077512621879578
0.9446648359298706
0.2528097629547119
-0.16441920399665833
0.8907911777496338
-0.4929236173629761
1.0282459259033203
0.9031708836555481
0.8194260001182556
0.8194260001182556
0.5548392534255981
-1.1402901411056519
0.5257838368415833
0.5257838368415833
0.5257838368415833
0.5257838368415833
0.5548392534255981
0.6283193826675415
0.6548277139663696
0.6548277139663696
0.6548277139663696
-0.35675039887428284
0.6753814220428467
-0.5595408082008362
0.6138516664505005
0.6138516664505005
0.550051212310791
0.7740222811698914
-0.9251222610473633
0.9052518010139465
0.7888087034225464
0.787892758846283
0.6859945058822632
0.7601144313812256
0.7601144313812256
0.9722521305084229
0.9922671318054199
0.9058359861373901
1.0457756519317627
-0.6770930290222168
0.9058359861373901
0.8758963942527771
-1.0102460384368896
0.6078075170516968
0.5752013921737671
0.234392911195755
-1.9386762380599976
0.5952057242393494
0.3124556839466095
0.5952057242393494
0.5007688999176025
-0.15091241896152496
-1.0672250986099243
0.5997934341430664
-0.5486339926719666
-0.997463583946228
-0.41204318404197693
-1.1200401782989502
-1.001474380493164
-0.995339035987854
-0.3172907829284668
-1.466195821762085
-0.30956029891967773
-1.1109559535980225
-0.5105635523796082
-0.5105635523796082
-0.5105635523796082
-0.5105635523796082
-0.5105635523796082
-0.5105635523796082
-0.5105635523796082
0.5951550006866455
-0.23769676685333252
-0.23769676685333252
-0.23769676685333252
-1.0624810457229614
-1.0624810457229614
-1.0624810457229614
-1.0624810457229614
-1.0624810457229614
-1.0624810457229614
-1.0624810457229614
-1.0624810457229614
-1.0624810457229614
-1.0624810457229614
-1.0624810457229614
-1.0624810457229614
-1.0624810457229614
-1.0624810457229614
-1.0624810457229614
-1.0624810457229614
-1.0624810457229614
-1.0624810457229614
-1.0624810457229614
0.790364682674408
1.5390628576278687
1.9738430976867676
1.3243571519851685
2.4170939922332764
2.262915849685669
1.624142050743103
1.8340895175933838
1.712308406829834
0.01492441724985838
0.2962791621685028
0.5754145383834839
1.1101536750793457
1.4956167936325073
-0.4244667887687683
1.0196325778961182
0.3580274283885956
-0.19108498096466064
-0.9202374219894409
1.301481008529663
1.0118321180343628
1.0118321180343628
1.0118321180343628
0.7836040258407593
1.035356879234314
0.180675208568573
0.5701369643211365
-1.229039192199707
1.1210592985153198
-1.1890288591384888
-0.8998831510543823
-0.7360735535621643
0.5803152918815613
0.4491621255874634
0.4018063247203827
-1.8743973970413208
-0.3897205591201782
0.6083189249038696
0.489646315574646
0.670250654220581
-1.3315902948379517
0.5830749869346619
0.32272839546203613
-1.0285307168960571
-1.0287553071975708
-0.15510563552379608
-0.9635551571846008
-1.4492172002792358
-1.4492172002792358
-0.9715371131896973
-0.19635078310966492
-0.912135660648346
0.5394869446754456
-1.1710927486419678
-0.720700204372406
0.4191041588783264
-1.975386381149292
0.13828633725643158
-0.20622891187667847
0.35916978120803833
-0.4686987102031708
-1.7678403854370117
-0.1401475965976715
-0.18727761507034302
-0.08873628824949265
-0.18727761507034302
0.15771831572055817
-0.13507141172885895
-1.5039958953857422
-1.0593605041503906
-0.7627713084220886
-1.155835509300232
-0.5105635523796082
-0.23769676685333252
-0.23769676685333252
-1.0624810457229614
-1.0624810457229614
-1.0624810457229614
-1.0624810457229614
-1.0624810457229614
-1.0624810457229614
2.1936631202697754
0.331678569316864
0.10975442826747894
2.082259178161621
2.3288142681121826
2.0521273612976074
0.595140278339386
0.595140278339386
1.4216949939727783
1.2458208799362183
1.2458208799362183
1.2458208799362183
-0.10716395080089569
1.215622901916504
2.5612337589263916
1.0374232530593872
1.0374232530593872
0.045089706778526306
0.6894941329956055
0.6894941329956055
0.6894941329956055
1.354857087135315
-0.008677332662045956
-0.8586082458496094
0.5500060319900513
0.6962257027626038
0.5345651507377625
-0.15524129569530487
-0.6419954895973206
-0.25989747047424316
0.10682153701782227
0.4634970724582672
-0.058142755180597305
-0.5524705648422241
-0.4764995872974396
-0.66123366355896
0.0610690675675869
0.07822123914957047
0.041031088680028915
0.2871686518192291
0.16279202699661255
-0.23119337856769562
0.37839969992637634
-0.19524890184402466
0.03889540210366249
0.22069387137889862
-0.12226970493793488
-0.12226970493793488
-0.0491890087723732
-0.4766472578048706
-0.4055391550064087
-0.4055391550064087
-0.4055391550064087
-0.4055391550064087
-0.3711814880371094
-0.3951604664325714
-0.3951604664325714
-0.3951604664325714
-0.3951604664325714
-0.3951604664325714
-0.3914179801940918
-0.3540510833263397
-0.3540510833263397
-0.3540510833263397
-0.48101806640625
-0.3540510833263397
-0.3540510833263397
0.5004168152809143
0.5825527310371399
0.2705971896648407
0.5004168152809143
0.3195938467979431
-1.288291573524475
-0.3540510833263397
-0.3540510833263397
-0.35988178849220276
-0.35988178849220276
-1.3953393697738647
-0.6338750123977661
0.2705971896648407
-0.2208450734615326
0.2705971896648407
0.2705971896648407
0.231247678399086
0.25036075711250305
-0.5293897390365601
-1.8481721878051758
0.25036075711250305
0.12119803577661514
-1.8481721878051758
-1.8481721878051758
0.033050328493118286
0.010596080683171749
-1.8744100332260132
0.13436542451381683
1.0639523267745972
-0.22418470680713654
-1.1030449867248535
0.22917285561561584
-0.1195308193564415
0.8042981624603271
0.06776685267686844
-1.1561470031738281
0.06776685267686844
0.16257424652576447
0.6968467235565186
-1.1621545553207397
-1.1958879232406616
0.11514563113451004
0.0897885337471962
-0.005019000731408596
-0.14238177239894867
-1.2327183485031128
-0.3084768056869507
-1.2872910499572754
0.004614063538610935
-0.06332338601350784
-1.2071505784988403
0.26403847336769104
-1.2071505784988403
-0.029220638796687126
-0.09185606986284256
-1.26978600025177
0.057045795023441315
0.2505747973918915
-0.9536665678024292
0.4975868761539459
-0.0495283417403698
0.2410491406917572
0.2410491406917572
-1.0383522510528564
-1.009825348854065
-1.0624810457229614
-1.0624810457229614
-1.0624810457229614
-1.0624810457229614
-1.0624810457229614
-1.0624810457229614
-1.0624810457229614
-1.0624810457229614
-1.0624810457229614
-1.0624810457229614
-1.0624810457229614
-1.0624810457229614
-1.0624810457229614
-1.0624810457229614
3.0680437088012695
0.6852105855941772
1.997074007987976
1.446716547012329
1.0181396007537842
1.6225231885910034
2.6251494884490967
1.9205859899520874
0.6109433174133301
1.373277187347412
0.9271470904350281
0.9683279395103455
1.6482733488082886
1.8258099555969238
1.8258099555969238
0.2517479658126831
-0.41142165660858154
1.3978370428085327
0.48400408029556274
0.2740163803100586
-0.40752506256103516
-0.5695929527282715
-0.04121853783726692
0.09962595254182816
-0.8247314691543579
-0.006227781996130943
0.17375266551971436
0.1917961835861206
-0.4175585210323334
0.020031530410051346
-0.9608563780784607
-0.08416436612606049
-0.6937989592552185
-0.6953849196434021
-1.0056138038635254
-1.0258044004440308
-0.990143895149231
-0.28926199674606323
0.8178743124008179
-0.8543825745582581
-0.1982632875442505
-0.9888971447944641
-1.1259132623672485
-0.959908664226532
-0.4684518277645111
0.2778695523738861
-0.27665725350379944
0.6231367588043213
-0.4396857023239136
-0.3717429041862488
1.6450691223144531
-1.040958285331726
-0.8068824410438538
-0.3581680655479431
0.12875430285930634
-1.638368844985962
-0.3386518359184265
1.1688852310180664
-0.6354947686195374
-0.8655414581298828
-0.9306195974349976
-0.03697829321026802
0.39296603202819824
-1.0428563356399536
-0.7196393609046936
0.9260936975479126
-1.168558120727539
-0.653466522693634
-0.8306828141212463
-0.2359023094177246
-1.265026569366455
-1.0388352870941162
-0.5649567246437073
0.765421450138092
-0.5000423789024353
-0.491571307182312
-1.01739501953125
-0.5157301425933838
-0.036611273884773254
0.1303238570690155
-1.2109230756759644
-1.3682076930999756
-1.1438547372817993
-1.1607203483581543
-1.2470744848251343
0.823758602142334
-1.5487680435180664
-1.1213711500167847
-0.7038038969039917
-1.553494930267334
0.23714645206928253
-1.419679880142212
-1.1512542963027954
-1.5951634645462036
-1.575831651687622
2.1402077674865723
-1.4042983055114746
-0.45782679319381714
-1.0960516929626465
-1.7019517421722412
-1.3316454887390137
-0.9612210988998413
0.8065668344497681
-1.5177360773086548
-0.989126443862915
-1.2035045623779297
-1.4006856679916382
-1.285912275314331
-1.5233075618743896
-0.6280615925788879
-1.1287645101547241
-0.8649431467056274
-1.5365334749221802
-1.0436656475067139
-0.9665810465812683
-1.1754740476608276
-0.7769691348075867
-1.2018547058105469
-1.2977285385131836
-0.8324668407440186
-0.8402381539344788
-0.6061307191848755
-0.8369058966636658
-0.49568983912467957
-0.7861498594284058
-1.0434672832489014
-1.1185191869735718
-1.085451364517212
-1.0675303936004639
-1.0624810457229614
-0.9474830031394958
-1.0624810457229614
-1.0624810457229614
-1.0624810457229614
-1.0624810457229614
1.837429404258728
1.4592030048370361
0.9863905310630798
2.4507322311401367
1.8354771137237549
1.9439247846603394
-0.16589359939098358
1.080629825592041
-0.004798281006515026
0.11321251839399338
-0.24451908469200134
-0.06129702925682068
-0.21036069095134735
0.07021130621433258
0.03226950019598007
1.057916522026062
-0.5874834060668945
-1.2479032278060913
-1.3238247632980347
-0.08122220635414124
-1.0858572721481323
0.8016722798347473
0.6214182376861572
-0.45987606048583984
-1.3079897165298462
-0.1806425154209137
-0.5407471656799316
0.14703290164470673
-0.3864661455154419
0.7626587748527527
-0.15102608501911163
1.0225335359573364
-0.4479016065597534
-1.3283675909042358
-0.01963958889245987
-0.8383145928382874
-0.6252490282058716
-0.9764226675033569
-0.7609534859657288
-0.7054570913314819
-0.5179275274276733
-1.177781105041504
-1.3029574155807495
-1.2563124895095825
-1.3864237070083618
-1.3053721189498901
-1.188123106956482
-0.8120865821838379
-0.5462087988853455
-1.4693593978881836
-1.0433553457260132
-1.0605521202087402
-1.2605875730514526
-1.6989134550094604
-0.6263898611068726
-1.0411653518676758
-0.6884832978248596
-1.1265617609024048
-1.1624505519866943
-1.3288475275039673
-0.5772390365600586
-0.9221189022064209
-0.28556954860687256
-0.99297034740448
-1.3715906143188477
-0.7063114047050476
-1.3311553001403809
-0.45056450366973877
-0.9398938417434692
-0.963947057723999
-0.6536917686462402
-0.6249125003814697
-0.4330885112285614
-0.5740026235580444
-1.4143556356430054
-0.16159218549728394
-0.2915050685405731
-0.5900911092758179
-0.6152039170265198
-0.6952658891677856
-0.5900911092758179
-0.06204652786254883
-0.6476554274559021
-0.28439000248908997
-0.3947545289993286
-0.6511602997779846
-0.6234287023544312
-0.7046973705291748
-0.11810559779405594
-0.7818632125854492
-0.4773879051208496
-0.5825623869895935
-0.715438187122345
-0.6952739357948303
-0.6526092886924744
-0.8448252081871033
-0.22335024178028107
-0.864207923412323
-0.8932172656059265
-0.8749505877494812
-0.687597930431366
1.3671798706054688
-0.48441940546035767
1.5389143228530884
1.5389143228530884
1.5389143228530884
-0.4053565561771393
-0.3020828068256378
-0.20129993557929993
-0.5990118384361267
-0.5210974812507629
0.3265412747859955
-0.3841553032398224
-0.6432318687438965
-0.5815871953964233
-0.4804064631462097
1.9776376485824585
-1.2053191661834717
0.41162165999412537
0.41162165999412537
0.41162165999412537
0.41162165999412537
0.41162165999412537
0.41162165999412537
-0.5080385208129883
-0.41063007712364197
-0.4209469258785248
0.44818946719169617
-0.6679429411888123
-0.4416837990283966
-0.4416837990283966
-0.831986665725708
-0.9268707633018494
-0.912865400314331
-0.6331958770751953
-0.5944710373878479
-0.5409401655197144
-0.912865400314331
0.5248632431030273
0.5248632431030273
0.5248632431030273
-0.372795045375824
-0.8495543599128723
-0.988991916179657
-0.8044527769088745
-0.8963847756385803
0.5584514737129211
-0.7244738936424255
-0.9787353277206421
-1.0196192264556885
-1.0196192264556885
-1.1554431915283203
-0.9153267741203308
0.5387463569641113
-0.6995541453361511
-0.785803496837616
-0.5172545909881592
-0.43013307452201843
-0.6782100796699524
-1.398939609527588
-0.9270504713058472
-0.9974626898765564
-1.5208189487457275
-0.399086594581604
-0.08547486364841461
-1.0280036926269531
-1.0280036926269531
-0.6336554288864136
-0.6336554288864136
-0.6336554288864136
-0.6336554288864136
-0.6756396293640137
-0.5462134480476379
-0.30652132630348206
-0.09617774933576584
-0.21117565035820007
-0.21117565035820007
-1.0624810457229614
-1.0624810457229614
-1.0624810457229614
-1.0624810457229614
-1.0624810457229614
-1.0624810457229614
-1.0624810457229614
-0.625578761100769
1.141011357307434
0.785271942615509
2.972996473312378
0.2988978922367096
0.7794864773750305
0.6828661561012268
0.38538047671318054
0.23177842795848846
-2.577293198555708E-4
0.7344416379928589
-0.24318400025367737
0.10410849004983902
-0.18074436485767365
0.1571999043226242
0.9767652153968811
-0.1336415708065033
0.26260584592819214
0.26260584592819214
-0.05604024603962898
0.16882391273975372
-0.10498702526092529
-0.14363814890384674
0.006253831088542938
-0.45433908700942993
-0.45433908700942993
-0.1682763695716858
-0.1682763695716858
-0.2026994228363037
0.10693757981061935
0.16814105212688446
0.323699951171875
0.32425642013549805
0.17568626999855042
0.0019526153337210417
-0.302915096282959
-0.7695440649986267
-0.41093504428863525
-1.0594340562820435
0.6792980432510376
0.4307571351528168
-1.198294997215271
-1.3646024465560913
-1.171027660369873
-1.6539440155029297
-1.0354760885238647
-1.0354760885238647
-1.0354760885238647
-1.0546659231185913
-1.0546659231185913
-1.2324542999267578
-1.2729380130767822
-1.535722255706787
0.0905633494257927
-1.5216647386550903
-1.1367672681808472
-0.5105635523796082
-1.0624810457229614
-1.0624810457229614
-1.0624810457229614
-1.0624810457229614
-1.0624810457229614
-1.0624810457229614
-1.0624810457229614
-1.0624810457229614
-1.0624810457229614
-1.0624810457229614
-1.0624810457229614
-1.0624810457229614
-1.0624810457229614
-1.0624810457229614
-1.0624810457229614
-1.0624810457229614
-1.0624810457229614
-1.0624810457229614
-1.0624810457229614
-1.0624810457229614
-1.0624810457229614
-1.0624810457229614
-1.0624810457229614
