-0.16534052
0.2211856
0.082111189
0.22206901
0.12278821
0.23159837
0.036868864
0.11691563
0.090888719
0.19382821
0.16693882
0.30069427
-0.0085682189
0.21892532
0.059029995
0.26185744
0.020982149
0.19717119
-0.096492952
0.023229875
0.19460763
0.095512217
0.21203899
0.14225574
-0.037189036
0.03390239
0.1616576
0.063625769
0.050252294
0.14227073
0.089703251
-0.099017543
-0.019247309
-0.20666569
-0.10202545
0.098248019
-0.086869353
-0.087774267
0.25294676
-0.03845661
-0.0092282548
0.19706064
-0.05953211
0.046907124
0.18280277
0.1159849
0.20247571
0.060687956
0.20008845
0.20920659
0.1779338
0.21398176
0.23268318
0.096413285
0.085433157
0.035098627
0.21119268
0.2259001
-0.44285682
0.090098314
0.086155859
0.05467319
0.024863243
-0.40031791
0.27188435
0.067219567
-0.20383249
-0.45545704
0.12926658
-0.31273511
0.013893804
0.07805384
0.12092285
0.052134115
0.049822219
0.075465115
-0.030464637
-0.11919385
0.17752422
0.086938862
0.073897342
-0.08765926
-0.10003796
0.1224607
0.29921677
0.21831194
0.21804561
0.25953603
0.17202253
-0.29468497
0.40263842
0.24377393
0.25915026
0.32648707
0.28343847
-0.62646595
0.044355378
0.23255207
0.12939359
0.27066691
0.36583647
-0.21518277
0.22808766
0.22888504
0.26047311
0.18837987
0.26760984
-0.15474959
0.18951374
0.33790272
0.28976088
0.18333791
0.32176216
0.24537199
0.14980946
0.17917071
0.26210015
0.15822842
0.25775986
0.35187621
0.2306216
0.17758572
0.20087335
0.089609368
0.25766186
0.25934853
0.109018
-0.25975042
-0.59793222
-0.022462014
0.14672202
0.028016584
0.14077982
0.16454068
0.22799849
0.0042926753
0.087761291
0.22726301
0.17837619
-0.44505211
0.30360165
-0.15030731
-0.4550402
-0.034829647
0.21866018
0.015202015
0.010125238
-0.0020402213
-0.050772038
-0.60216906
-0.074643273
0.4142583
0.1047639
0.32736967
0.13853941
0.27622138
0.16165338
0.21374089
0.083778055
0.18155269
0.101116
0.08884742
0.04810953
0.23547771
0.25851673
0.15009989
0.099112043
-0.091162314
-0.081292696
-0.16261109
0.29572846
0.095642789
0.094731151
-0.50289318
0.22423903
-0.27900598
0.10828167
-0.13449767
-0.11337817
-0.20376571
-0.010506726
0.27605814
0.23698973
0.13015783
0.13733229
0.32735242
0.21248977
0.17472247
0.10688101
0.15915376
0.3041113
-0.33307509
-0.13785769
-0.0040324937
-0.015570795
-0.04958385
-0.041633424
-0.5548586
-0.28560505
0.28382585
0.19029813
0.071658869
0.3797344
-0.019307486
-0.14013532
-0.053988735
0.16670885
0.10349307
-0.11794578
-0.006254949
0.13802969
-0.28827259
0.046935027
-0.021217977
0.29667983
-0.098807189
-0.1197568
-0.11998218
0.066953011
0.062571155
0.0076871245
0.0031459537
0.27003144
-0.1982507
-0.020380471
0.10661471
0.25970015
-0.74382814
0.0091192677
-0.082492212
-0.2037023
-0.027006028
0.1564511
0.16928217
0.2626577
0.034045762
-0.078266696
0.336429
0.040784323
-0.35744959
0.24902185
0.25470316
0.2024277
0.12833906
0.18290498
-0.36877121
0.012601029
-0.16096395
-0.10078411
0.2350199
-0.016943156
-0.48329301
0.22094926
-0.39939619
0.015400301
-0.47875546
0.07394047
0.052566952
-0.33347105
0.19574058
0.13034269
-0.26397531
0.17154591
0.30894115
0.069167475
0.016464824
0.095021047
-0.048309072
-0.066751462
0.15001509
0.17368476
0.01160176
-0.035144135
-0.35362824
0.19702688
-0.41143833
-0.020091282
0.17073178
0.035159964
0.25879718
0.36807392
0.27309299
0.17492432
-0.33510432
0.11141761
0.094682924
0.094615714
0.29910536
0.17081024
0.33637795
0.27247347
-0.0056352925
0.13362239
-0.37822954
0.13369516
-0.1129371
0.28983316
-0.017806042
-0.11940973
0.073404292
0.083585643
0.062920029
0.026362319
0.18091329
0.20843261
-0.32336727
0.24113374
-0.47737362
-0.027412663
-0.33713839
-0.6737427
0.017637867
0.13350188
0.10797083
0.43646463
-0.32215799
0.10621581
-0.74403351
0.25055408
-0.37703746
-0.12674265
0.10430887
0.18630287
-0.37633051
-0.63813273
0.10064581
-0.33192836
0.076767369
-0.21641818
0.31367638
0.057881452
0.062043012
0.13265096
-0.1223555
-0.19803617
0.14673875
0.018827063
-0.0393469
0.15022739
0.17095372
-0.16171972
-0.072645816
0.10261976
0.36911012
0.194127
-0.31643043
0.23143858
0.001998674
0.032408242
0.29883272
-0.34153187
0.059527717
-0.75908728
-0.12563332
0.12534723
-0.15222248
0.25115096
-0.11623909
0.1699849
-0.071350894
0.13106347
0.18335324
0.1965112
0.43837175
0.0081697307
0.27084422
0.28981406
-0.20431182
0.11544496
-0.48961129
-0.064068592
0.08572383
0.12195521
0.1594778
-0.039976461
0.1968706
0.21437127
0.18186604
-0.30965017
0.28782224
-0.12574598
0.36139674
-0.29607179
0.16140766
0.027982179
-0.023241893
-0.2060161
0.29409174
0.030446813
-0.16023166
0.071638384
-0.057230306
-0.07244431
-0.32380918
-0.2019071
-0.0092503031
0.036835158
0.19392808
-0.18034061
0.13089773
0.17056952
0.062327729
0.13813621
-0.00031177147
-0.071583184
0.098916213
-0.26491668
-0.099733061
0.063497161
0.18314973
-0.031160261
0.056345693
0.19825419
-0.05209653
-0.049640956
0.17429354
0.21151345
0.0901588
0.14207689
-0.18562687
0.27686936
0.24420634
0.17299218
0.13096796
0.028770107
-0.16942658
-0.078022565
-0.017874751
0.025080708
0.15521397
0.094476329
0.19652584
0.11236961
0.13614597
0.20797258
0.20497112
0.1370953
-0.053809097
0.022422087
-0.35665532
0.24595738
-0.21648427
0.27002011
0.24560816
0.17997726
0.14356668
0.21071879
-0.095396872
0.22334895
0.24671939
0.24606172
0.23634635
0.20616927
0.01577905
0.12430805
-0.27518853
-0.3496209
0.26696414
-0.44044325
0.24780108
0.12686153
-0.20197385
0.16613421
-0.055288987
0.080849076
0.04951981
0.14899471
0.048831492
0.17485762
0.051177129
0.1182621
-0.44850513
0.19379217
0.053563217
-0.19737603
-0.048013996
0.11550832
0.19596529
0.15041038
0.2241524
-0.5336549
-0.0067600796
-0.082766735
0.12226296
-0.089597067
-0.3576874
0.056671535
-0.11003292
0.055148085
-0.0071853782
0.23036667
0.28020196
0.30771404
-0.028132527
0.059182436
-0.038198115
-0.080167483
0.1140766
-0.046186445
-0.063192764
-0.4020291
0.08022051
0.043777786
-0.025854538
-0.02926246
-0.17678631
-0.067643451
0.047857709
0.076558584
0.10352658
0.097306024
0.094432845
0.19678388
0.089522901
0.20032525
0.065762736
0.082509795
-0.040032542
0.088890842
-0.11555975
0.33457516
0.25091411
-0.047501403
-0.8021777
0.17896837
-0.11712799
-0.20337704
-0.8021734
-0.23805741
0.22157538
0.25257284
0.1073868
0.24706364
0.0045850257
0.28599743
0.22439849
0.25952836
-0.095535627
0.22525369
0.19151973
0.29562269
-0.08827511
0.28133676
0.013044968
-0.28830891
0.13062336
0.17128556
0.29081213
0.10058061
0.21972543
-0.25265878
-0.22658382
0.15773708
-0.12974088
0.061205459
0.24311418
-0.24438889
-0.2288384
-0.0099271231
-0.31551559
0.11211581
0.11523813
0.016855008
-0.14387334
0.13223117
0.38404985
0.12164815
-0.5970574
0.18325189
-0.23880857
-0.024891998
0.090271635
-0.03088099
0.13426298
-0.1306553
-0.089712648
0.099426069
0.15452929
0.00061462643
-0.09751701
-0.29876628
-0.076228844
-0.50845205
0.20003227
0.13541136
-0.12677523
-0.071097717
0.077687183
-0.27453621
-0.020780864
0.19930609
3.1430057e-005
-0.36423804
-0.52825671
0.032069313
0.1505262
-0.15372628
0.077500461
0.29796257
0.31882531
-0.58881323
-0.041165441
-0.24950658
0.15607595
0.37775989
0.35027682
0.24390672
0.22713689
-0.35048615
0.15680269
-0.015522243
-0.1219331
-0.33791678
-0.55614104
0.12693538
-0.013032291
-0.10282528
-0.00756303
-0.38275798
-0.31166702
0.15137125
-0.15609015
-0.22681396
-0.048220986
-0.20023366
-0.38868076
-0.31492965
-0.0055025516
-0.32484355
0.08599528
-0.23516331
-0.21938035
-0.35201819
0.021120081
0.083733459
-0.34068131
0.17799257
-0.31271543
-0.26787408
0.0011665476
-0.30637478
-0.080600564
-0.22702939
-0.27184456
0.13678568
-0.084245589
0.11292495
-0.26734116
-0.03815672
-0.43858336
-0.029546124
-0.01999411
-0.32303438
0.0069763035
-0.053349122
0.12880228
0.22962018
0.15794923
-0.090832762
0.27123635
0.32796814
0.0061491836
0.33675548
0.33659545
0.23470361
0.19417243
0.030501017
0.13759255
-0.20589886
0.053811093
-0.57337618
-0.1964101
-0.16278415
0.083630603
0.1963888
-0.41359624
0.029281415
0.21949216
-0.024216961
0.2125775
-0.16379935
0.31650068
0.063131209
-0.059403692
0.20516669
0.19538818
0.27271222
0.21677373
0.23462309
0.24913665
-0.38298493
0.0036938186
-0.044314417
0.14980568
0.22130378
0.34582873
-0.12383464
0.04139437
0.1535143
0.18962107
-0.78348756
-0.071003309
-0.28891377
-0.26595681
0.21558305
-0.071559755
-0.20557135
0.16463272
0.0087209332
0.25038333
0.36757023
0.064285333
0.10463789
0.12528672
-0.32693725
0.26100478
-0.34316172
0.23749375
0.30411716
-0.039134536
0.12851648
0.21296168
0.25465121
-0.076708135
-0.042166695
0.10987919
0.033221929
0.11152094
0.096601511
0.1240272
0.2459694
0.24977704
0.031417729
0.11065771
0.09683793
0.12985581
0.24937477
-0.07718909
-0.071266381
0.18278494
-0.070724979
-0.076857324
0.19532044
-0.41839413
0.44992574
-0.11249418
0.17175556
0.0047076625
-0.11799088
-0.028322607
0.080306629
0.051886934
0.11069212
0.031486222
0.29153168
0.19020645
0.075699241
0.33959421
0.25588259
0.26363344
0.13978215
0.27283927
0.23710324
-0.21306751
0.27035202
0.01046107
-0.022541225
-0.062939966
0.21103137
0.039184824
-0.13255109
-0.072525785
0.26134067
0.00088438741
-0.16628445
0.023261196
0.27716378
0.19798467
0.08107209
-0.16757128
0.10883888
-0.63681976
0.035470584
0.052071929
-0.036510353
0.15860391
0.099114982
0.0089199141
0.11037783
0.044850137
-0.0075529287
0.044784834
0.041627448
0.083010367
0.29780142
-0.30974211
0.16015037
-0.22233593
0.096033757
0.0082545775
0.02575841
0.061264595
0.006620172
0.095454843
0.15088775
0.16985905
-0.19401905
0.044727398
-0.29153808
-0.10759194
0.14441594
0.10245604
-0.27115197
-0.1448992
-0.32783791
-0.10693888
0.19342957
-0.062390039
0.069043627
0.068708264
0.10388693
-0.26269258
-0.14195525
0.051745617
0.086569609
-0.12544856
-0.088730628
0.039322724
0.20459187
0.21073308
0.20429943
0.23712983
0.012701539
0.20198188
-0.25113376
-0.60719643
-0.65702981
-0.28894207
0.09413263
-0.1818869
0.027592985
0.023862754
-0.034757274
0.055999505
-0.21823559
0.07504949
-0.22588566
0.092453901
-0.22425575
0.039782754
0.039834397
0.039834397
0.040704609
0.040744273
0.039808574
0.039242684
-0.029219675
-0.070054587
-0.048832406
0.0020789177
-0.43140668
-0.014572659
-0.057201886
0.016276025
-0.10512178
-0.087379502
0.0042565348
-0.1706707
0.14453404
0.15229242
0.11038166
0.1419558
0.26630285
-0.17506896
-0.45113652
0.28122907
0.2200598
0.28794359
-0.10061754
0.21067483
0.15692916
0.044000114
-0.17320055
0.1870947
0.11502058
0.038492801
0.11504585
0.21166007
0.15175969
0.259657
0.23916939
0.11348
0.12973813
0.18947654
0.083801764
0.17792153
0.16786907
-0.17412249
-0.04738897
0.41237183
0.007798876
0.39526194
-0.23858907
-0.028379393
-0.17682641
-0.17889962
-0.071395224
-0.13887093
-0.021288036
0.3706152
0.0066501688
0.28770683
-0.021837438
0.24388898
0.13106656
-0.12185634
0.14111467
0.10116824
0.080027338
-0.5625095
0.16538498
0.20418195
0.012408952
0.28870862
0.241845
0.37979504
-0.32285287
0.098194675
0.30001572
-0.13439414
-0.35960256
-0.28717022
0.28731271
-0.11046781
0.1141695
0.010250668
-0.45235961
0.14647894
-0.06647834
-0.097513142
-0.083858657
-0.14792369
-0.10324441
-0.62008057
-0.20294906
-0.14594545
0.034240334
-0.0009753742
-0.06679498
0.065320072
0.084937099
-0.12268427
0.26160439
0.081815118
-0.1243508
0.33382513
0.054380801
0.085282978
0.20209346
0.086706846
0.20622313
0.069069327
-0.20838141
0.099079
-0.17768461
0.039203447
0.0041986291
-0.066700893
0.32241451
0.22093845
0.16669722
0.040383986
0.021409636
0.15121267
-0.10463637
-0.20223021
-0.069161406
-0.4656042
-0.15510042
0.28187538
-0.12692572
-0.2202632
-0.31043756
0.0084964557
0.24099176
0.3580314
0.11402105
0.16135807
-0.1294762
-0.1094257
-0.017556269
-0.091292544
-0.007218956
0.22263233
-0.44648608
0.31166241
0.12471929
0.10050837
0.036293939
0.02140449
-0.10409753
-0.54534238
0.16457077
0.067607155
0.060611815
0.074574996
0.03833998
-0.13699386
-0.14095982
0.0019479043
0.11082662
0.18431177
-0.024493274
0.0085570508
-0.028491925
0.39539108
0.21535666
-0.0063065111
0.011065247
-0.39868283
0.29121856
0.095081534
-0.40528761
0.029053045
0.16837497
0.18575697
0.19536919
0.12431544
0.099599405
-0.060840068
-0.029754571
-0.17321373
0.11054291
0.17461145
0.14537288
-0.19354812
0.1255598
0.078057819
-0.19546935
0.072218339
0.26070273
0.40105578
0.22411833
0.15950219
-0.2243858
0.11436823
-0.19861647
0.18064824
0.14103264
0.044801429
-0.29822971
0.18357207
0.034224525
0.050006116
0.24102314
0.18090938
-0.13464554
-0.15646488
0.11502671
0.041738507
-0.10968471
0.028196049
0.12623586
-0.32962471
0.31494229
-0.16271231
-0.06659802
0.22660947
0.19848382
0.19195594
0.18884863
0.23285242
0.21808888
0.1912047
0.26020992
-0.11193625
0.053777114
-0.21003999
0.11633172
0.059428399
-0.40289802
-0.035649214
-0.18060885
0.081833789
-0.085025096
0.2622217
0.038474338
-0.12638001
0.20784305
0.42927604
-0.030949881
-0.10824296
-0.15318406
-0.106698
0.015867374
0.13856608
0.41878898
-0.08332582
-0.08289632
-0.29019145
0.47477571
0.15411985
0.090878336
0.30130181
-0.62979788
0.14406205
0.083689584
-0.012980937
-0.18387471
0.21702178
-0.013756092
0.16384994
-0.014256355
-0.036783492
0.10138616
-0.29581455
-0.44447595
0.11427586
-0.000148198
-0.0061034496
-0.0028674498
-0.29265541
-0.0051448098
0.055914181
0.1777174
-0.0040221676
-0.2206871
-0.079339006
-0.67925623
-0.26075449
-0.60457051
-0.24574573
0.18535106
0.2529843
-0.34907301
-0.29402692
-0.04638903
0.1512274
-0.0051429562
-0.37244489
-0.33091432
-0.33445727
-0.37542203
-0.1183962
-0.25948345
0.2256595
0.20730152
-0.27044814
0.13588313
0.20680233
-0.39326413
-0.73192032
-0.18585573
-0.21161677
-0.19006294
-0.0037630768
0.13751865
0.076463737
-0.24976324
-0.026164972
0.07668076
0.073039763
0.34226503
0.17188174
0.34281505
-0.10918776
-0.48352744
-0.042339317
0.037776419
0.2618588
-0.032812025
-0.10542043
0.12342312
0.10099455
0.15077336
0.080334505
-0.5364851
0.029320845
0.053112732
0.14363349
0.042926418
-0.1214458
0.29526324
-0.11837604
0.14426394
0.11430922
0.014913076
0.094465245
0.13706098
-0.05715354
0.15681498
0.14810294
-0.14014513
0.046362668
-0.22089356
-0.1463622
0.052518736
0.12667274
0.075178807
0.038834284
-0.048189181
0.19449019
0.26371536
0.099885439
0.032429847
0.11725347
0.14231356
0.10758852
0.10408501
-0.0080163472
0.041588446
0.36748667
0.26046267
0.24832678
0.2636744
0.26094794
0.087180778
0.13135028
0.2429655
0.041307275
-0.13630892
0.021558935
-0.45851793
0.16177199
0.34824235
0.28487951
0.0051888515
0.22389691
0.068382937
0.018648272
0.2553835
-0.044214692
0.2279352
-0.19519063
-0.09324689
-0.41466002
-0.20470357
0.20569102
0.073477079
0.1456185
0.12245535
0.016507382
-0.012362953
-0.15660041
0.17356719
0.12584581
0.13392738
0.02807365
0.077984489
0.095717466
0.1357185
0.060904949
-0.013025638
0.060431478
0.063863885
0.046302344
-0.31194992
0.12495364
0.095333778
0.057708753
-0.29910414
0.049940642
-0.028780186
-0.19179971
-0.0028910803
0.05995983
0.063349671
0.051660308
0.16078759
0.090763601
0.090434608
-0.31794949
-0.030663812
-0.3195272
-0.21712978
-0.084545395
0.089104685
0.12830023
0.27908156
0.21904364
0.16688995
0.034510252
0.20001962
0.054693813
0.33558408
0.17107609
-0.2175057
0.27361072
0.3703312
0.022272071
0.1185493
-0.22933546
0.086512541
0.12960241
0.14959865
0.26109213
0.25316322
0.20950657
0.33477686
0.21671972
0.22479095
0.098174676
-0.093598647
-0.075429349
0.13264359
0.27967184
0.1627128
0.13891155
0.18284893
0.24638241
0.011300422
0.25667714
0.17472561
-0.010279562
0.17003115
0.11005041
-0.11355743
-0.59763824
0.0029448507
-0.10032401
-0.14212931
-0.06436334
0.072173031
0.076895732
0.12260591
-0.26514631
0.032288826
0.017777794
-0.053871277
-0.069996704
0.012714258
-0.067774052
-0.0099517559
-0.055652736
-0.06371023
-0.28264755
0.27384862
0.17369812
0.20050181
0.010814375
0.0076502213
0.27890723
0.14278115
0.047188306
-0.080808886
-0.51917865
-0.14532024
0.1005323
0.34064276
0.4210546
0.25814607
0.21628364
0.14443595
0.13154048
-0.32041019
-0.23635488
0.2093025
-0.068663351
-0.037262203
0.1794611
0.056505699
0.035857433
0.024073833
-0.14727535
-0.052440229
-0.0049074158
-0.029363052
-0.25090679
0.017099257
-0.14205131
0.16857446
-0.18138437
0.22413894
-0.19263477
0.2198208
-0.43261517
0.40436051
0.32461831
0.32996384
0.33072465
0.18105839
-0.099015944
0.23443783
0.047526885
0.023296719
0.12310565
0.19820051
0.23680808
0.00075385114
0.24716114
0.2525929
0.089536282
-0.13201286
0.0043799037
0.18208804
0.24652972
0.07654607
0.081311955
0.012715555
0.22432272
-0.029572761
0.045025528
0.23565242
0.47205311
0.056130647
0.094000261
0.10832927
-0.21179601
0.31856544
-0.27875526
-0.30940506
0.047345265
0.22269366
-0.088124461
-0.036738012
0.22810226
0.16003604
-0.050116808
0.12494523
0.14009989
0.25537288
0.12780254
-0.029997355
0.08902435
0.25649082
0.1275725
-0.08699191
0.37065206
-0.16802342
-0.15563441
-0.15565242
-0.13856088
-0.50100411
-0.44903048
0.11795021
0.068420978
0.1833412
-0.11102312
0.14425684
-0.019529281
-0.077623678
0.072921021
-0.18460774
0.30740602
0.40315032
0.24423926
0.16593266
0.21185869
0.1507709
0.1249257
0.027316937
-0.33396332
0.035898967
0.23972254
0.19166892
0.072945291
0.17532634
0.16082926
-0.056647434
0.11325446
0.16695292
0.25014576
0.12229674
-0.10645185
0.13423193
-0.013406678
0.32605215
0.19356577
-0.0096972714
0.064597514
0.17789931
-0.089459117
0.27865141
0.22295746
0.17645174
-0.1147832
0.13632241
0.19340628
0.1308379
0.056837504
0.12329744
-0.12469005
-0.29894688
-0.10220155
0.20801532
0.0056824998
0.26099136
-0.086617831
0.0051925369
-0.031761852
0.090483052
-0.063600954
-0.096732859
0.031076269
-0.089035075
0.013267913
0.16886649
-0.10634638
0.066804644
0.041894045
-0.069476045
0.1468299
0.22326274
0.2060034
0.19713173
-0.055393391
0.27506471
0.27348701
0.057474013
0.18739167
0.12945039
0.15664383
0.081843977
-0.041960151
0.21183798
0.080541852
0.15338216
0.18980651
-0.060250748
-0.14259458
0.18243652
0.14364504
0.11498216
0.22558067
0.22758275
-0.1235898
0.16574779
0.18626455
0.083919584
0.16535148
0.16481698
0.21996481
-0.31166373
-0.020160254
0.097368594
-0.47168679
-0.00071772441
-0.026181004
-0.39468088
-0.38624632
-0.1301592
0.1501855
0.16015481
0.1907668
0.14596343
0.041606821
0.091105579
0.16915425
0.079842468
0.048464564
0.29257908
0.27167205
0.27599441
0.18877842
-0.54251763
0.34945177
0.061911019
0.22137826
0.26621438
0.11761672
0.12818952
0.083348791
0.18343602
0.29189495
0.18829637
0.34940905
0.10046739
0.26591384
0.096340891
0.17885088
-0.15749594
0.054903768
-0.19774653
0.085289955
0.16224881
-0.48579036
0.24221148
-0.088347437
-0.18898523
-0.12133809
0.15480078
0.35953482
-0.49870572
0.024879911
0.29893698
0.1833751
0.087681535
-0.18253156
-0.42552104
-0.030247383
0.0022396807
0.30122193
0.1300237
0.054954685
0.10608114
0.31788835
0.13741063
0.20649699
-0.01702291
0.18739765
0.11981319
0.036815947
0.11685845
-0.32766968
0.011832066
0.13782452
0.13571006
0.014165646
0.1387721
-0.61210636
0.038556865
-0.53326199
0.043915775
-0.0095525865
0.019221878
-0.23882849
0.099109709
0.014654426
0.0042025948
0.0021689995
0.0021689995
-0.097722661
-0.30166867
-0.29880511
0.084253712
0.2661477
0.26556457
0.053653178
0.076115662
0.17096664
0.073016747
-0.31592035
0.23381287
0.0044410422
0.29981362
0.034934657
-0.31374653
-0.60759815
0.25620951
-0.012746442
0.13839721
-0.16067164
-0.014184778
0.35732938
0.14934696
0.24017745
0.066075241
-0.032508663
0.14327023
0.07458429
0.09679513
0.044401866
0.0088017431
0.054706783
-0.092994485
0.028502723
0.01696841
0.0091259217
0.057950515
0.012186515
0.0080890659
0.21129518
-0.039044846
-0.4230959
0.11684404
0.017741881
0.0016515976
0.22638069
-0.023305561
0.13519859
0.024899529
0.019280588
0.0091741361
0.17160627
0.010050396
-0.21465888
0.0069064991
0.086555805
0.18054675
-0.20479894
-0.10657177
0.10621106
0.082777992
0.024680706
0.19304315
0.17339394
0.17218235
0.040871043
0.17772737
0.081753917
0.070072736
0.19563431
-0.16264654
0.20457149
0.064265555
0.15438563
0.038116973
0.20075065
0.13524826
0.12783086
0.23172
0.15132587
0.21177154
0.24521696
0.21562771
0.22993172
-0.034709695
-0.037858544
-0.067826083
-0.032446287
-0.2319347
-0.24056905
0.10637168
0.1126465
0.12409939
-0.41248438
0.24572788
0.3216468
0.096790166
0.17396338
0.1073484
0.068291735
-0.30133993
-0.90869586
0.23079227
0.4365183
0.07650188
0.13298927
-0.62227692
-0.13780878
-0.70966226
0.13810449
0.30059511
0.47550854
0.18525572
0.093819521
-0.053371838
0.062194086
-0.032044408
-0.1503383
0.019345314
0.011507036
-0.06400851
0.011323365
0.011434081
0.011287183
0.011360582
0.011178043
0.011397232
0.13276045
-0.011816167
-0.25408116
-0.27386442
-0.0064610918
-0.0002687225
-0.089256012
-0.13649955
0.20287905
-0.06303374
-0.094946225
-0.0059536095
-0.014893846
-0.040099587
0.093732149
-0.00026931188
-0.0036866256
0.0070953525
-0.067860086
-0.0027282325
-0.15118995
-0.10477758
-0.051535695
-0.59878695
-0.10009388
-0.1153509
-0.12542015
-0.021245542
0.17716951
0.2619981
-0.33141755
0.15092005
0.19172175
0.23403929
-0.055681615
-0.094173073
-0.037091413
-0.2300789
0.081298037
-0.073134381
0.15345359
0.22485376
0.1857728
0.13591546
0.37217222
0.27323204
0.23980345
-0.13299811
-0.14558052
-0.011516495
0.29044335
-0.45548207
-0.035134088
0.23655999
-0.50814777
-0.13860136
-0.26485955
-0.66803513
0.011111328
-0.53540077
0.33304123
0.35144898
0.05820052
0.28965374
0.10664331
0.061439845
0.032074943
-0.38001838
0.033819027
-0.20406162
-0.18987102
-0.14666818
0.1074898
-0.32196898
0.1870737
-0.37172598
0.35103271
-0.029038502
0.051919516
0.25272991
0.22360709
0.022378806
0.17255835
-0.52230466
-0.35811055
-0.055117424
0.16759864
-0.015782617
0.13001141
0.27779176
-0.17712186
-0.19866038
-0.087515538
-0.19181746
-0.011773281
-0.17207487
-0.25943247
0.18327493
0.049327871
-0.052805033
0.2297685
-0.408282
-0.43774675
-0.10360492
-0.030710824
0.22764253
0.028400106
0.27918777
0.068443738
-0.74442526
0.17689158
-0.25608322
0.14643004
-0.18016072
0.13685077
-0.10793831
0.030644149
0.10823047
0.095360912
0.11277946
0.10743238
0.086567837
0.10691595
-0.073040724
0.07663835
-0.52724348
0.088827768
0.20819539
0.11076124
-0.024742076
-0.35611127
0.21256949
0.064609478
0.041038137
0.2597248
-0.29594908
-0.011860063
0.059568791
-0.0486483
-0.28795704
0.14484441
0.19325519
0.38452238
-0.01095217
0.45303111
0.040870066
0.079806131
0.29080374
0.31126128
-0.37715321
-0.0045097492
0.3759344
0.021302256
-0.15338041
0.10023119
-0.23884156
-0.26908932
0.22605047
-0.53304834
0.23295165
0.10145718
0.19791791
0.1688413
0.20139523
0.20348752
-0.097270398
-0.21525348
0.031585402
0.031585402
-0.25883865
-0.23684015
0.041133678
0.19151785
0.35339599
0.14646513
0.12867935
0.025569588
-0.11552683
0.24004252
-0.1148507
-0.63484591
0.21349083
0.089466055
0.022116251
0.40876469
0.17705292
0.42205515
0.24417547
0.23642408
-0.18957376
0.30422712
0.17508472
0.073480554
-0.13413653
-0.41727331
0.15310052
0.28436681
0.17797101
0.17932388
-0.10001046
-0.28360445
-0.54382287
0.21554941
-0.16070223
-0.010403498
0.072760974
0.15253624
-0.094773937
-0.016224262
-0.018220432
0.12953701
0.15967663
-0.15002535
-0.023917032
0.02477914
-0.025233328
0.039348379
0.012368537
0.020273851
-0.029435775
0.12329359
0.10758843
0.2085846
-0.1148533
0.21852831
0.20974423
0.15352133
0.39478629
0.2650535
0.12777936
0.13653498
-0.019775828
0.26632436
-0.17613611
0.049710689
0.20465512
-0.23508825
-0.16607901
-0.61028398
0.2292709
0.28209399
0.2315995
0.26867705
0.29704584
-0.1278409
-0.15804037
-0.37631517
-0.5539523
0.018283266
-0.46269763
0.41335043
0.10608795
0.012653495
-0.10393978
0.11759313
0.25220428
0.037772515
0.052583886
0.16344478
-0.61083146
-0.16854838
0.095175602
0.21653986
0.094252485
-0.46144987
0.21557873
0.10667143
-0.13416986
0.13225491
0.18444538
0.21154011
-0.11983494
-0.33397238
0.19494313
0.29811906
0.1673606
0.15725432
-0.4766457
-0.40714374
-0.38233247
0.357492
-0.60336543
-0.45542095
0.24846192
0.065847815
-0.55210587
-0.54469469
-0.012565575
-0.021932454
0.26563366
0.16727617
-0.012640116
0.14552274
-0.0098146148
0.27571322
-0.2647403
-0.18706471
0.20804783
-0.29748893
0.046633083
-0.097447028
-0.11374261
0.044793622
-0.23464928
-0.034802068
-0.43881917
-0.22971587
0.14011214
-0.26132217
-0.18735999
0.21390883
-0.077364837
0.29825337
0.13197619
0.012824969
-0.079738583
-0.044759118
0.16320098
0.10308795
-0.12904273
-0.035100872
0.033512308
-0.059502284
0.20022706
0.098346895
0.048835859
-0.25735564
0.0049895981
-0.043021134
0.1353418
-0.25158134
-0.014098482
-0.063256635
-0.095296548
0.25483417
0.10379092
0.063654318
-0.45351811
0.050491777
0.055428979
-0.16048292
-0.33240373
-0.21657095
-0.53604583
0.044537539
0.044537539
-0.25721843
-0.02708077
0.16671471
0.1639617
0.15633041
0.15574972
0.15664754
0.12127011
-0.0971945
-0.36428043
-0.3320008
0.070266602
0.19735244
-0.51647433
0.25505826
0.20202305
0.39592886
0.037204151
-0.10184373
-0.048619027
0.20157953
-0.37510963
-0.2662515
-0.25947268
-0.21621542
-0.05545349
0.0011445951
0.13091257
-0.03769369
0.24980344
0.062483048
0.2988233
0.32618884
0.39741629
-0.29633472
0.24155706
0.25212721
0.13694405
0.030165538
0.17261294
0.40541255
-0.32025657
-0.0070318248
-0.00067492399
0.15705942
0.30770225
0.089928519
-0.021203768
0.00628051
0.02585303
0.053330414
0.11206518
0.10659326
0.25452208
0.13837945
0.01374409
0.1210194
-0.57016694
-0.28527384
-0.191687
0.39590908
0.079008878
0.35238928
0.29915652
0.032995789
0.04578724
-0.074197766
0.079883203
0.25926257
-0.24154523
-0.046875169
0.14086079
0.2428827
-0.045256976
0.26282197
-0.33544952
0.2456481
0.36726487
0.24446451
0.13223947
0.17812976
-0.028512294
-0.039271522
-0.018760732
0.0056493035
-0.098711516
0.088719573
-0.0080813344
0.12570593
0.088724127
0.16864979
0.13050074
0.17958647
0.12491025
0.1246044
0.10823601
0.159657
0.018681373
0.15521218
0.052972264
0.13552107
-0.16182798
-0.041413544
0.11800746
0.13712341
-0.083897558
0.14478867
0.03391689
-0.10063623
0.14815495
-0.013309081
0.033920785
0.13783516
-0.24726073
0.035738193
0.070408577
0.13884545
0.058785537
0.18234685
0.10514868
0.060611657
0.13851435
0.18601634
-0.61828871
-0.22496659
0.11521223
0.27322629
-0.1220144
0.11647633
-0.10922963
0.17998282
-0.1393947
0.19382962
0.11408088
-0.093866749
-0.10922923
0.069419604
-0.096463841
0.037081582
0.071719933
-0.091954455
-0.17981786
-0.049718823
0.1232318
-0.091789563
-0.096176446
0.19042875
-0.13354871
0.02704151
0.1151259
0.14561481
0.16148578
-0.2675736
-0.092333444
0.17537559
0.049894451
-0.10878492
0.073038167
0.13493453
0.15493606
0.16920095
0.1559048
0.16538918
0.12488695
0.13632887
0.051496266
-0.084984031
0.14521442
0.072840598
0.11144261
0.20614525
0.26073691
0.27513792
0.25284741
0.12437856
0.25384515
0.17048142
0.29681372
0.14898239
0.093217351
0.15562888
0.24663269
0.17807339
0.11755626
0.26372663
0.1758016
0.24993576
0.30189545
0.18641943
0.17757004
0.13349679
0.19163685
0.2433777
0.22015542
0.24062165
0.087968193
0.076141881
0.30758585
0.21030383
0.25705526
0.26097191
0.11343154
0.2233003
0.11406389
0.19421921
0.24171566
0.22501513
0.28685208
0.19995999
-0.16200086
0.16940097
-0.41577318
0.091533718
0.062287343
-0.14604332
0.081454933
-0.10409735
-0.30093175
0.27414427
0.31485226
0.021937676
0.18705007
-0.095267741
0.066921496
0.054452868
0.14623799
-0.012964222
-0.68277315
0.17994585
-0.033560576
0.18777822
0.17061106
-0.15027476
-0.20749159
-0.023551015
-0.010947235
0.10971284
-0.6482418
-0.05744453
-0.011598519
-0.062300737
0.24502039
0.15639391
0.35171857
0.095527513
0.16066578
-0.02172392
-0.14220578
-0.25909644
-0.20780265
0.087836035
-0.050464812
0.35246549
0.12685275
-0.043299942
-0.36072195
0.1343816
-0.07551709
-0.17661634
-0.031216684
0.14334691
0.21068802
0.21360731
0.086302141
-0.004950095
0.11053711
0.19403589
0.2777857
0.062177434
-0.19594757
0.097933104
-0.66436577
0.086044696
0.28838476
-0.32124536
-0.052001939
-0.031005596
-0.17546597
0.096616821
0.10747385
0.20615159
0.4456761
-0.100508
0.27840262
0.011966217
0.18648749
-0.27341953
0.21711758
-0.096587861
0.2156851
-0.56791454
0.016567298
-0.65612555
0.25786038
-0.56046247
-0.080437266
-0.019926756
-0.10459788
-0.053689352
0.0020809737
0.46190617
0.13381184
0.10431211
0.029819654
0.31287894
0.22709873
-0.055180468
0.24851558
-0.088685616
-0.48902088
0.34694032
0.22373875
0.22031264
-0.1416639
-0.52030841
-0.010973432
-0.23551183
0.2231081
0.01715601
0.016087765
0.15011565
-0.13848052
-0.066484906
0.21799644
0.19998138
0.18964136
-0.20872862
0.12591472
-0.36644256
-0.37109859
0.35278248
0.42498905
-0.16737113
-0.046896825
-0.25537544
0.053040435
-0.0093570152
-0.18704869
-0.071261919
0.25931324
0.0074043093
-0.46289017
0.12641278
-0.16604101
0.2465722
0.36302655
0.22449511
0.24123082
0.21028892
-0.16306993
-0.35863122
-0.40234653
0.23097623
0.18827446
0.15518679
0.22324226
0.036129959
-0.09064955
0.083960985
0.18417873
0.12402566
-0.02646649
0.16945388
0.14340496
0.27792458
-0.036436293
0.18126572
-0.10413625
-0.1698907
-0.073079381
-0.28960629
0.12802929
0.12229651
-0.09630873
0.17160713
-0.42963712
-0.081931877
-0.2836112
-0.18059894
0.091535086
0.16213649
0.22372149
-0.015296191
0.16450333
0.20773634
-0.13323424
0.091423285
0.34229014
0.14144096
0.071343325
-0.0087534545
0.19309087
0.2063308
0.028237168
0.13535454
0.012514157
0.096433059
0.14968081
0.074819446
-0.1501408
0.29296381
-0.12392151
0.19126143
0.12338045
0.07576443
0.10700208
-0.02060078
0.25509741
0.19396821
-0.0035398604
-0.46647135
0.20367876
0.37597938
-0.42224781
0.053366964
0.32178189
0.22040171
0.3509772
0.22402421
0.0046457247
-0.3386894
0.31059701
-0.4290762
0.21777137
-0.15228355
0.25748329
-0.56765341
-0.020453838
-0.060724701
0.11709013
0.039841275
-0.088561676
-0.28180205
-0.19260684
0.18481453
-0.37588561
0.13883994
-0.59824561
0.15899144
0.0491811
0.056708878
0.062215397
0.20136133
-0.36297107
-0.12426136
0.074538767
0.038984993
0.14711519
0.33681795
0.097850179
0.11992546
0.093332378
-0.033693053
0.078696239
0.13009734
0.16692698
0.068804862
0.18114779
-0.028697334
0.16190881
0.11467843
0.14635267
-0.060994564
0.21202743
0.12442444
0.16668441
0.091370219
-0.024456528
0.043111253
-0.23088785
-0.025032693
-0.032939675
0.19911393
-0.022993818
-0.015878429
-0.024743652
-0.15437656
0.11883733
0.16299554
0.21411127
0.22127952
0.19937411
0.17262863
0.21284707
0.17262863
0.11999176
-0.1554915
-0.36666234
-0.44693588
-0.18059507
0.044463919
0.058959779
0.035587824
0.14401107
0.1077712
-0.23237287
-0.12828397
0.041566812
0.16447327
0.2340138
0.13627527
0.041001852
0.18993863
-0.48647591
0.022126429
-0.24955648
0.16956307
0.11685107
0.1191451
0.041614058
0.060284266
0.16670611
0.17731304
0.28639035
0.17263622
0.17753984
0.073360921
0.17996696
0.24559132
0.1458781
0.16233684
-0.30688459
0.0032971562
0.086718302
0.1033234
0.25930421
-0.11495691
-0.055943908
0.29065937
0.16121043
0.18451016
0.043636286
0.022094013
0.22827157
-0.25627229
-0.25627229
0.19603502
-0.018717855
-0.05029527
0.066401724
-0.090234035
-0.11458213
-0.046129956
0.21097693
0.22233649
0.11506237
0.23139731
0.18860244
0.19072485
0.19255057
0.23380924
0.23673712
0.2838839
0.13190445
0.22916226
0.24010434
0.074099496
0.2006851
0.27717529
0.29537021
0.35157621
0.24420157
0.20678042
-0.11852264
0.23825798
0.036355877
-0.068451978
0.29038411
0.32267481
0.33385018
0.22825971
0.097283912
-0.10489343
0.10950742
-0.25222539
0.057631275
-0.049479892
-0.041490895
0.068686641
0.020018118
-0.46776201
-0.016437724
-0.20102453
0.089688547
0.14404953
-0.019038984
0.02874699
0.16675931
0.030515683
0.11645925
-0.68247345
0.11647842
-0.099752266
0.06111162
-0.54356115
0.24696461
-0.34719262
-0.32054988
-0.30758342
-0.29412675
-0.19776349
0.30074963
0.11592567
-0.29502105
-0.22091381
-0.53906577
0.084567502
-0.089253453
-0.11493671
0.071291916
-0.17845029
-0.43833166
0.043001215
-0.0045814605
0.39883109
0.17033053
0.16488511
0.014251102
0.17144312
0.036068187
0.0081472256
0.16032819
-0.45083146
0.13212061
0.13958856
-0.33360566
-0.05360897
-0.42388754
0.11043079
0.2149938
-0.049564723
0.18301793
0.27239322
-0.043313092
-0.26533699
0.080708252
0.23311823
-0.068615154
-0.40665795
-0.23147368
0.077023019
-0.44241934
-0.30485254
0.0053931239
-0.076009638
0.19967231
0.032982055
0.19763504
0.084203536
0.16721742
-0.26828172
0.18435072
0.26363971
0.24561247
-0.02982658
-0.28656236
0.28065416
0.11919857
0.059069284
0.25857767
0.3532163
-0.10319555
0.074358119
-0.45616096
0.11136248
0.14523736
-0.052067262
-0.082846925
0.0014180938
0.13420761
0.42273593
0.43684783
-0.0090987169
0.325754
0.069492038
-0.23850618
-0.098171395
-0.21187083
-0.086393113
0.12259542
0.1721278
-0.0075804738
0.042338512
-0.043264545
0.010255566
0.075047246
-0.29613327
-0.24382934
0.043576899
-0.27587428
-0.20392637
-0.20840714
0.032164408
0.28276894
-0.76819638
-0.76370984
0.072274281
0.15195885
0.12986924
-0.3966733
-0.34000308
-0.36822166
-0.55711731
-0.24874806
-0.089639168
0.36831516
0.28125236
0.2551062
-0.0022973301
0.16823538
0.29422431
-0.02078829
-0.034445072
0.047572227
-0.221267
0.20392425
0.068321718
0.19415838
0.22537002
0.11088464
0.20821796
0.16249556
0.12099629
0.14254388
0.14370242
-0.12656815
0.031711389
-0.27290668
0.006792484
-0.0078810215
-0.17121986
-0.013250383
-0.087227346
-0.041402433
-0.0048323964
0.12611005
-0.10216888
0.098478413
0.10097975
-0.048036115
0.095185355
-0.15891976
-0.032855447
-0.029839163
0.17486468
-0.15592625
-0.027729187
-0.045492215
0.068284601
-0.078664791
-0.086061578
0.09498412
0.083175502
0.051483042
0.032370991
-0.15584089
-0.083831634
0.13277041
0.084319099
-0.25462253
-0.014932759
-0.24497085
-0.031863404
-0.26515313
0.057862663
0.081235728
-0.13214148
0.088217909
0.062099644
-0.32162593
-0.2964534
-0.33110996
-0.28457105
-0.08529613
0.35254412
0.25725814
0.15924066
-0.13178151
0.20707748
0.016714616
0.0092627982
0.18798698
-0.0078563318
-0.059600624
-0.51561784
0.14410396
0.2556949
0.075435587
0.094257189
-0.0065356498
0.12039029
-0.013401574
0.1795814
-0.17738744
0.1978423
0.32383574
0.36861172
-0.21510003
-0.051440029
0.013775791
0.23275498
-0.0072058285
0.23122518
-0.028646494
-0.76465572
0.17455736
0.088990649
0.13757822
-0.44048163
0.12475378
0.04642133
0.11607139
-0.34422336
-0.57230111
0.22525701
0.35442665
0.03362601
0.16605505
0.29031119
-0.2771584
0.14082697
-0.043875153
-0.21990623
0.1009813
0.15421043
0.18774237
0.273527
0.20189623
0.17939489
0.17635
0.15544909
0.073087908
0.20369174
-0.3997192
0.22579657
0.14254694
0.12056819
0.057926229
0.15973912
-0.1682545
-0.17746182
0.071996508
0.19341068
0.1421811
0.14778731
0.15902416
0.12514344
0.058216614
-0.20229247
-0.1752183
0.038733257
0.14358109
0.11772568
0.10387651
0.036452645
0.23601438
0.20301294
-0.013798158
0.16101609
0.20952253
0.13293291
0.14188348
0.069705705
0.19553467
-0.23697259
0.020450522
0.020450522
0.012714919
0.18443042
-0.080389161
0.014661586
0.10990975
-0.16025535
0.20134042
0.20802753
-0.087357668
0.14632783
0.19263554
0.053787705
0.16029331
0.20840661
-0.20148087
0.0024696755
-0.014525896
0.16420911
0.084342843
-0.033216147
0.16153707
0.04875823
-0.091592977
0.066486763
-0.076386319
-0.040803603
0.083578463
0.17014447
0.092652795
0.024120288
0.15831173
0.14909126
0.11533171
-0.067078074
0.15527378
0.20312542
0.19460248
0.026487229
0.22820871
0.14522466
0.2155726
0.0012980055
0.19244755
0.13999187
0.2787115
0.36288049
0.29517157
0.27630106
0.29068786
0.28337155
0.30512012
0.088912624
0.28889818
0.24811967
0.015812336
-0.19662328
0.26094857
0.27070006
0.24158379
0.15709024
0.24643641
0.30794995
0.22692044
0.24921599
0.26380321
0.25998323
0.2327422
0.16702151
0.23869623
-0.050950855
0.25136515
0.081625538
0.25700144
0.20451515
0.16624537
0.2764922
0.1246509
0.1250027
-0.04546184
0.056294813
-0.12474362
-0.17617743
0.082626894
0.050406254
0.17886513
-0.02611616
0.1558997
-0.20076754
-0.22980175
0.21895573
-0.30915914
0.37732304
-0.042328302
-0.088068293
0.33292382
0.37296321
0.076541375
0.27770206
0.032158029
0.18327691
