## ListNet
## Epochs = 300
## No. of features = 46
1 2 3 4 5 6 7 8 9 10 11 12 13 14 15 16 17 18 19 20 21 22 23 24 25 26 27 28 29 30 31 32 33 34 35 36 37 38 39 40 41 42 43 44 45 46
0
0 0 0.7541970221034304
0 1 2.8885629252068936
0 2 3.2012741336654496
0 3 0.8781969237233656
0 4 0.7915982694200517
0 5 0.09771360456943512
0 6 0.061780594289302826
0 7 -0.051769696176052094
0 8 0.015161913819611073
0 9 -0.032813847064971924
0 10 1.4856438058644421
0 11 2.9235065326073375
0 12 3.292225473269058
0 13 0.8429901660851591
0 14 1.7124077956030086
0 15 0.061376546430559384
0 16 0.9148359216716238
0 17 0.3812174697727515
0 18 -1.1776065176932133
0 19 0.0030290528929381635
0 20 3.944141789793811
0 21 3.755546096242222
0 22 4.78281660454199
0 23 3.6914905865407674
0 24 2.877994459649612
0 25 2.6063602216742083
0 26 2.66097467233274
0 27 2.747768611919553
0 28 3.2450646898878355
0 29 2.9586503758873457
0 30 2.8061200434565405
0 31 3.1355048217422357
0 32 1.0586888671126526
0 33 1.0250993913058073
0 34 1.0080486853667106
0 35 1.1618849401498108
0 36 4.001686439115152
0 37 4.026011530180502
0 38 4.803030430023617
0 39 3.9039075874879448
0 40 -1.2145575788583798
0 41 -1.073345085695526
0 42 -0.020792311057448387
0 43 0.7834454041694802
0 44 0.7378879723476954
0 45 0.29737240634538264
0 46 -0.06818536669015884
