0.9999999999691616
0.9999999999997298
0.9998024821215924
0.99999999999226
0.9999999999663105
0.999999999999891
0.9999999999749072
0.9997431652880745
0.99999999700665
0.9999999999970735
0.9999999999425739
0.9999999999999933
0.8094126813536917
0.9995414951142498
0.9989837013280504
0.9999999871624868
0.9999999493263233
0.9999999530633541
0.999999475972977
0.9882009770261303
0.9999999651476169
0.999668327551463
0.999999999992446
0.9999999993990221
1.0
0.9939426902998173
0.9999999997895872
0.9921969351245126
0.9999999999999996
0.9999999014607287
0.9999863139912223
0.999999906352549
0.9999999999999525
1.0
1.0
0.9999998273985433
0.9999999882808596
0.999999986948938
0.9999999996589786
1.0
0.9999770141508937
0.9999999999669873
1.0
0.9999999436883761
0.9999999999889482
0.9999999965948907
0.9999999817060682
0.9943816614886878
0.99999999999994
0.9999999999999507
0.9999999998595093
0.9999999999988236
0.9999999999997669
0.9999999999999976
0.999485406228605
0.9862268922113565
0.9999999999914269
0.9999999999674483
1.0
0.9999999999999938
0.9999999999999987
1.0
1.0
1.0
0.9999999614402223
0.9973102349459397
1.0
1.0
0.999999999181139
1.0
1.0
0.9996841775926826
0.9999999999999998
0.9956406050807379
0.9999999999999991
0.9999999999934379
0.999999146529439
1.0
0.9999999999745561
0.9999988759085595
0.9999886081245085
0.9999999643901657
0.9999103327203255
0.9999999987092931
0.9999999873657522
0.9999999999985028
0.999999999998376
0.9999999999999449
0.9999999999998266
1.0
0.9999999999996017
0.9999999999999418
0.999999999986255
0.9999999999997364
0.9999999999997828
1.0
0.9924995907321698
0.9999857134159471
1.0
0.9999999999999285
0.9999999999996618
0.9999999999998408
0.9999999999996316
0.9999999999996478
0.9999999999997311
0.9999999707650578
0.9999999999968145
1.0
1.0
0.9999999998892846
0.9999999948229035
0.9999994269494763
0.9999999959274775
0.9999999999875233
0.9999890557527803
0.9999999999999998
0.9999999999994762
0.9417906766075534
0.9999999997529947
0.9999999999886464
0.9999999999978937
0.9999981837215952
0.999999999959118
0.999508102046391
0.9999999999978086
0.9999999999942153
0.9946625723305531
0.9999999999990348
1.0
0.1899684990845345
0.9999999995972801
0.9999990945999515
1.0
0.9999999999992943
0.9999999999999891
0.9881656180235486
0.9992376425089501
0.9999999253259557
1.0
1.0
0.9999999993911648
1.0
1.0
0.5353895601321156
0.9999999989074739
0.9999999999999998
0.9999947079540524
0.998856336674224
0.9838610142329802
0.9999999999999998
0.34633519246892713
0.9999999999835585
0.9999999795979049
0.9999999999999987
0.9999389188259221
0.9999999946782996
0.9999999968031072
0.9999999996434994
0.9999989121481533
0.9999999999231386
0.9999999303232439
0.9999999499572781
0.9999999481250366
0.9999999999999647
0.9999999999991767
0.9999999990801105
1.0
1.0
1.0
1.0
0.9999999999999483
0.9999999882371647
1.0
1.0
0.9999999999943303
0.9999999988883654
1.0
1.0
1.0
0.9999999999997393
0.08619944441523725
0.9999999999997797
0.999999999969224
0.9999999969039401
0.9999999964213329
0.9999999891572436
0.9999994971653131
0.9999999999987035
0.9999904335451357
0.9999999832273588
0.9999999999999991
1.0
1.0
0.5255431337120411
0.9999999999999833
0.983235268831477
0.9823000570029523
0.9999999999994638
0.9999999996551374
0.999999998972918
0.9999999701912021
0.9999985416616319
0.9999999998703322
0.5102180687527328
1.0
0.788619638392544
0.9999999997886444
0.9999999973631157
0.9999999999995091
0.9999213799652349
0.9999999999999996
1.0
0.9996572653702872
1.0
0.9999999999977442
0.9992931295415776
0.9999999999999987
0.99999999993779
0.9999999999999631
0.9999997408039406
0.9999999999975617
1.0
0.999999999999998
1.0
0.6077996782320029
0.9999999765880042
0.9999999994250053
1.0
0.9999999999787295
0.9999999999999531
1.0
0.8020196932901991
0.9999999919358634
0.99999999989695
0.9999999999999687
0.9999596514350655
0.9999998392484953
0.9999999942080589
0.999708730037377
0.9999980815708638
0.9998898632299699
0.9999161890513216
1.0
0.9999999998973954
0.99999999999999
0.9999999999997407
0.7466455576034564
1.0
0.9999999999999718
0.9999999998112765
0.33311019569736233
0.9999999999999998
0.9999999999768072
0.9999999999998512
0.9994710331864747
0.9999999740907153
0.9967075210993062
0.99999999999442
0.9999999999777904
0.999999999864112
0.9999999976342877
1.0
0.9999999996190825
0.9999999993539466
0.9999999999819071
0.9006405553504745
0.9999979948208857
0.9999999999999998
1.0
0.9999999998381133
0.9999999999850677
0.9999999999650142
0.9999996573523668
0.9999928964038938
0.9999999999997569
0.9999999987783985
0.9999999991538566
0.9999999999999432
0.878338698272033
0.9999999999905786
0.999999999908318
0.9999999999989704
0.9995475934494773
1.0
0.9999999996847362
1.0
0.9875540367192094
1.0
0.9999999598884242
0.9999999997183542
0.9999999999997842
1.0
0.9999999999998785
1.0
0.9999316550746137
1.0
0.99999999999228
0.9999983698344639
0.9998766814951884
0.9950727337779532
0.9926451908032111
0.9999962877369244
0.9985071725516959
0.9999999999887099
0.9999999985310752
1.0
0.9999999999760361
0.9999977130380735
1.0
0.9999999999999944
1.0
0.06563210960601988
0.9999997213727762
0.9999999999999947
0.9999999999923275
1.0
0.9999999999999969
0.9999999696016715
0.9999999997202724
1.0
0.9993748135050218
0.9999999616479404
0.9999999990255823
1.0
1.0
0.9999999999999998
1.0
1.0
1.0
0.9999999012217466
0.9922883951924031
0.9775100169036878
0.9999999951138114
1.0
1.0
0.9999999988033612
0.4099018368652842
0.5355022292477671
0.9999999984751415
0.9999999997971944
1.0
0.1641834843433295
0.9999999740007168
0.9999999995938267
0.9959567390484636
1.0
1.0
0.9996338582714261
1.0
0.9999999999999996
0.9997664636831907
0.9999856637437228
1.0
1.0
0.9996181945631372
1.0
0.999999999999978
0.9817930627075963
0.9999999999999303
0.8975063530599546
0.9999999999993876
0.9999999999933857
0.999999999992573
0.9999999999998501
0.9683114415939136
0.9999999999996421
0.9999999966286166
1.0
1.0
1.0
0.9951547013988779
0.9213919305075454
0.9999999999992428
0.9999999912967984
0.9848204181625224
0.9999999999980989
0.9999999999983096
0.9999999926170209
1.0
1.0
0.9999999995023765
0.9999999988776114
1.0
0.9999999999605933
0.9999999999999862
0.9999999999999871
0.9999999999999998
0.9999999999988782
0.9999338926175886
1.0
0.9999999977628395
0.9999999999999998
0.9999999969381594
0.9999999999987559
0.9999999999962557
0.9999954051874242
0.9999777317921398
0.9785083143101756
1.0
0.9999999999979106
0.9999987259958877
1.0
0.9999999999999996
0.9999999992034163
1.0
0.9999999999974694
1.0
1.0
0.9987190128978315
0.9999999941091415
0.9999999998414428
0.9972317772151945
0.9999999999951081
1.0
1.0
0.9999999923570827
0.9999999999941462
0.9999996832922312
0.9999999995978492
1.0
0.9999999956257082
0.99999999999999
0.9999999999369871
0.9999999999999896
0.9947523903344637
0.9999840212727651
1.0
1.0
0.9092850689520083
0.9999999997884483
0.9999999999999998
0.9999999999969122
1.0
0.9999989414823196
0.9999999999998355
0.9999999997388733
0.9999999999999984
1.0
0.9999999890308432
1.0
0.9999999999870812
0.999999999999788
0.999999999997663
0.9999999999989857
0.999999999759932
0.9999999506396815
0.9999999999963896
0.9999999999972415
0.9999999999994793
0.999999999974861
0.9999998031962095
0.9999999999998788
0.9999999998632527
1.0
0.990816222907369
0.9999981746864997
0.9999999864185849
0.9999999999898155
0.9999999745548229
0.9999999999999996
0.9999999976903136
1.0
0.9999999928759391
1.0
0.9999999999969316
0.9998547108629537
0.9999823065702712
0.9971692137604025
0.9999999008455546
0.9991463198868793
0.9999999684638222
1.0
0.9999999989389601
0.9996963075018899
0.9999999999883884
0.9999999390759754
0.9999999845432177
0.9999999988806398
0.9999999963629096
0.9999999999980911
1.0
0.18894127748233058
0.9999999998864528
0.999965495347956
1.0
1.0
0.999999412148404
1.0
0.9969169890340609
0.9999999999999998
0.9999999979845193
0.9999999999999805
0.9999999682169803
0.5194544219450459
0.9987227921240006
0.972641317498922
0.999999995394254
0.9999994499540242
0.9999008604103093
0.9999983915948211
0.999999585963528
0.9999992425279776
0.9988537433603697
0.9999999986645125
0.9979276532648944
1.0
0.9999933441048636
0.8065285507621438
0.4747245132514146
0.9998324494177572
0.9992479776203526
0.9999999999976295
0.99999999999137
0.9999999999998592
0.9999999992367774
0.9999772116280734
0.9999679475862453
0.9999999999584084
0.9999999999999907
0.9996959132830353
0.9999999999997633
0.9999999999999982
1.0
1.0
0.9993030699951367
0.9999999999999305
0.999999999880822
1.0
1.0
0.9999999999998437
0.9999999999999221
1.0
0.9999999784083664
1.0
0.9999999999999942
0.9999999999998703
0.9999999999999976
0.9999989820029351
0.9999999999727955
0.9999999999872085
0.9999999999999503
0.9999999934273522
0.9999999997514397
0.15520934215514176
0.999999999999535
0.9999999999937661
0.9999999999999829
0.9999999999999725
0.999999729689766
0.9999999999999798
0.9999999999979197
0.9999999965271353
0.9999999999967821
0.999998078113241
0.9999999999998037
0.9999999999996272
0.9999999467881391
0.9999998483061624
0.9999999988069406
0.9999999999999905
0.9999998392897241
0.9999999263827856
0.9111788821500036
0.9999999871065101
0.9999999999974178
0.999999998937914
0.999960630764284
1.0
0.9999898788748885
0.9695537679327902
0.9973289449334617
0.9999876369213313
0.9462579108262347
0.9999816960208221
1.0
0.9999999999999998
0.9999997926595426
0.9999999241930411
0.6759215120951537
0.9999999999999996
0.9999993659190026
1.0
0.9999999521309332
0.9981896669571017
0.9999999445612182
0.9843803779014141
1.0
0.9999973512413052
1.0
0.9999999999997948
0.9999999999999967
0.9999999999991889
0.9999999998590237
0.9999999999994493
0.9897536400990411
0.9999998695507025
0.9999999999999998
0.9999999999999989
0.9999999999999947
0.9999999999445672
0.9999999916740646
0.36244032850200875
0.9999999999998821
0.999999999696858
0.9999999999999976
0.9999999990130937
0.9999999995765387
0.999999999999206
0.9999999999995888
0.9999999999883815
0.9999999999999996
0.9999999998092881
1.0
0.9999999999906495
0.9999999995825639
0.9998723864560324
0.999999990926011
0.9993785286277874
1.0
0.9999999999999383
0.9999999999829425
1.0
1.0
0.9999999972729892
0.9999999888404926
0.9999999999999907
1.0
0.960473381852499
0.99999999999999
0.999999792342771
1.0
0.9999999999999234
0.9999999999932412
0.9998274924931787
0.9999996683646727
0.9999999658870629
0.9999999999805078
0.9999999999950251
1.0
0.9999999999999987
0.9999999999766023
0.9999999999991507
0.9999999999882674
0.9999999999999998
0.9999999992973145
0.9999966952707358
0.9999999982284389
0.9999999999999989
1.0
1.0
0.9999999989492292
0.9999999998987368
1.0
1.0
0.9999999999998797
0.9966889267107881
0.9999999999983855
0.9999997471534754
0.999999999999998
0.9999999999907205
0.9999999999999949
1.0
0.9999999999999958
0.9999999999999958
0.9999999970506226
0.9999999938299846
1.0
1.0
1.0
0.3792589889218421
1.0
1.0
1.0
1.0
0.99999164457967
0.9999999999447591
0.9999993656640758
1.0
1.0
0.9999999999844722
0.9999999999999838
0.9999986896657546
1.0
1.0
0.9999999999919507
0.9999999999754037
0.9999999999997811
0.9999999999515379
0.9999999987274317
0.9999999999999996
1.0
1.0
0.7627619072471644
0.9999999998327229
0.9999999982587109
0.9999999448170763
0.9999999999999325
0.9999967511774215
0.9979961102608454
0.9999999999999998
1.0
1.0
1.0
1.0
0.9999999999999993
0.9999999999999638
1.0
0.9999999999999969
0.47756473779932207
0.9999999999993281
1.0
0.9568798060174779
0.9999999999999971
0.9999999999999964
1.0
0.9999999999995963
0.9999999999921787
0.9999999999170055
0.9999999999999991
0.5385202050702687
0.9999999931660402
0.9999995571354564
0.9999998108341928
0.5721405822267628
0.3380370712882353
0.9999999979118912
0.7668327110409202
0.999999968689531
0.9580877762472355
0.9999999963549073
0.9999997846789153
0.999999999999992
0.9952060481405285
0.9999994994325577
0.9541097669177548
0.9999999837537621
0.9999999999964402
0.22280477962847622
0.36447402746438756
0.9999999999998828
0.47468850709769567
0.6300833684881925
0.9999999998273328
1.0
1.0
1.0
0.9999999999860387
1.0
1.0
0.04794417462999113
0.999937233023396
0.999999981091768
0.9989268888182291
0.9999999943317415
0.9999999999952569
0.9999999999999909
0.9998895992824013
0.999999999999982
0.9999999999963625
0.9999999998630544
0.9999999991481612
0.9999999997782769
0.9999999998224054
1.0
0.9999999999992699
0.9999874075527088
0.999859367160594
0.9992208632515206
0.9999999999999982
0.48417435246749774
0.9999999999746705
0.9999999999983749
0.999999895737943
0.9999842782093199
0.9999999881808587
0.9904822443047797
0.9999999937795774
0.9999999991358206
0.9999999862374045
0.9999999885830807
0.9999999999382119
1.0
1.0
0.9985446083690046
0.9999999999999656
0.9999998148539292
0.9999999999999993
0.9999999999817559
0.9999999994639497
0.9999999857359965
0.9999995009393797
0.9999999999999996
0.9999999851947323
0.9999999954772532
0.9999999999999865
1.0
0.9999999999850004
1.0
0.9999999981921077
0.9999980017886665
0.9999916095631168
0.9999999999757976
1.0
0.9999997322889935
0.9999999870614107
0.9999999993342958
1.0
0.9999999999995142
0.9999999999999998
1.0
0.9999999999998732
1.0
1.0
1.0
0.9999995387046147
0.9999999999999962
0.9999999996300006
0.9999999999999953
0.9999997142023858
1.0
1.0
0.9999999999996656
0.9999960638005875
0.9999999999999998
1.0
0.9999999999999607
0.9910540640956725
0.9999999999999785
0.9999999999973839
0.9999999999992533
0.999999999999988
0.9999999796206249
0.7866492615194413
0.9999710193024761
1.0
1.0
1.0
1.0
0.9999999999999545
0.9999999981377983
0.9999999998941607
0.9999999999713567
1.0
0.9999999968620146
1.0
0.9999999999999993
0.999999999998602
0.99999605380172
0.9999999999989049
0.9999999999909888
0.9999999999910618
0.9999999999910618
0.9999999999913007
0.9999999999913776
0.9999999999910254
0.9999999999879259
0.9999999998225313
0.9971315312630692
0.9999999999999245
0.9933347986348244
0.9999999999999996
0.6799460644362042
0.999999999997712
1.0
0.999971473789345
0.9872808602604155
0.9999999999404694
0.9999996594637871
0.99999999730385
0.9999999999999587
0.9999977017888158
0.9999999999993556
0.9999999998972764
1.0
1.0
0.9999999999996338
0.9999999316330512
0.9999999999999671
0.9999999999996378
0.9999999999999998
0.9999999999974902
0.9881641820250705
1.0
0.9999999999900282
0.9999999998341587
0.9999999999954767
0.9999999998344768
0.9999999864988738
0.9999999991250523
0.9999991678848404
0.9999999999976255
0.9999999997942064
0.9991414959037853
0.9999886668742107
0.9999572608961073
0.9999999890556807
0.9999999999971292
1.0
0.1165310344415068
0.9999999999999842
0.9999999999999984
0.9999999999999962
1.0
1.0
1.0
1.0
0.9999999999994307
1.0
0.07211001099795178
0.9999999997875824
0.8945529544318825
0.9999999928014935
0.9987225444042738
0.9999999999978373
0.9999885177929679
0.9999999999967322
0.9999999999916325
0.9693185324734369
0.999978314928128
1.0
1.0
1.0
0.49572402478776284
0.9999999999988929
0.9999999999966647
0.9999999999947933
1.0
0.9999999918999413
0.9999999999999389
0.9743694570750101
1.0
1.0
0.9999999999998916
0.9999999993878137
0.9999999999995044
0.7079741697461417
1.0
0.9999990028524883
1.0
1.0
1.0
1.0
1.0
0.9999999999999987
1.0
0.9801807522106947
0.8847078837416043
0.9999999997072972
0.9998057850661722
0.9999999998808609
1.0
1.0
0.9999999999999216
0.9999999999999414
0.9999999999999378
0.9999999997508342
0.9999999999975757
0.9999999999993183
0.9999999999327489
1.0
1.0
1.0
0.9999999999999842
1.0
0.9999999481308619
0.9970065429782533
0.6475069557533212
1.0
1.0
0.9999999998322417
0.9999999998974931
0.9923956947451767
1.0
0.9999999975982612
0.9999999977122389
0.9999960040249196
0.9999451020097024
0.9999982113598942
0.9999999728995971
0.9999959150164138
0.9999999999568301
0.999999899039443
1.0
0.9999995648365692
0.999999999999998
0.9999999994208093
0.4416600466568334
0.9999719024844146
1.0
0.999994607571438
0.06754913656297595
0.9999999999981191
1.0
0.9999999999999982
1.0
0.9999999912544036
0.9999981726820215
0.9999993889134964
0.9608304589781056
0.33366381467600575
0.9999987063269251
0.9999999999999276
0.999999999997319
0.9996498265729294
0.9934796323839011
1.0
0.999999999999994
1.0
0.9999998393433731
0.642430676029103
0.9999999999977152
0.9999999999803044
0.8011745406677763
0.20757943328219908
0.9998949916420987
0.9999999999999987
0.9999999999996463
0.9999737807590875
0.999999999934376
0.9999999999934817
0.9999999999999833
0.9999999078893986
0.9999999999999991
0.9999997855225924
0.9999999999993519
0.9999999998370066
0.9999998062849633
0.9999999992724751
0.9999999999997453
0.9999907533893589
0.7043985704534526
1.0
0.9999877351682904
0.9999999972560523
0.9999999998944755
1.0
1.0
0.9999999999999998
0.9999894546363935
1.0
0.9999998200864975
0.9999999999999993
0.9999999804207754
0.9999999873136892
0.999999996300458
0.9999999999999996
1.0
0.9999999996853592
1.0
0.9999999987005366
1.0
0.9999999991404429
0.999848034934363
0.9998858885191593
0.999999999961455
0.9999999999998408
1.0
1.0
0.9999999999999847
0.9999999999999996
0.999999999999998
0.9999999999151477
0.9999952245286475
1.0
0.9999999999952762
0.9999999999978042
1.0
0.9999999422011616
0.9999999999828242
0.9999999999990752
0.9999964925812254
0.9999999999411593
0.9999998821046726
0.9999999999952216
0.9999999985916694
0.9999999999956415
0.9999999999998737
1.0
0.9999996371533597
0.99999999977496
0.9999999999999991
0.9999999942394122
1.0
0.9999999016869906
0.9928332408400942
0.9999999999996536
0.9990007360486596
1.0
0.9999999750605211
0.9999999999984102
0.5369816818341695
0.9999999999999933
1.0
0.654052450799046
0.9999996863841811
0.9999999947326859
0.9999999999999696
0.9781400102180663
0.9999999999999829
1.0
0.999999999999998
0.747608917643339
0.9999999343266067
0.9999999999998859
0.9999999862573219
0.9995469114205219
0.9884328454323811
0.769180351974569
0.9999999545116484
0.9999999999668345
0.6157149137325957
1.0
0.6038322667181654
1.0
0.9999999303492295
1.0
0.9999999960256918
0.9999981968994605
0.9999999999632709
0.9998096678149423
0.9927010076553826
1.0
0.8055891940655442
0.9999999999542031
0.9999999999999993
0.9358302441685052
1.0
0.9999999999999962
1.0
0.9920128298795304
1.0
1.0
0.9999999999860902
0.9999999999996776
1.0
0.9999999999623348
0.9999999999998239
0.999999999917637
0.9578661835062824
0.9999999999999076
1.0
1.0
0.9999994571036689
0.9999999870576612
0.9999999999981695
0.9988075706450082
0.9999999991106672
0.9999999999999998
0.9999999999999998
0.9999999999522802
1.0
1.0
1.0
1.0
1.0
0.09437633448597217
0.9999999884802157
0.9995757268267659
1.0
0.9873794934305008
0.9999999999958364
0.9999999999999973
0.9999999999999993
0.9999999999196294
0.999999999845151
0.9733165769643126
1.0
1.0
0.9959473899838908
0.9999999999996352
0.9999999965946351
0.9999999999998357
0.9999999666301911
0.9999997122304418
0.9999999999858451
0.9999999999999873
1.0
1.0
0.9990138026953311
1.0
0.9999999999997926
0.9999689415684785
0.9999999998040847
0.9999617865461987
0.9999999999999651
0.9999999989925801
0.9999986094150525
0.9999999965022763
0.9999999999721516
1.0
0.9999999999763298
0.9999999985854573
1.0
0.9999692795597859
1.0
1.0
0.999946954603124
0.9999999703145637
0.9999999907082567
0.9959289183023116
0.36633169272663824
0.9999999999809195
0.99999993550982
0.9999999999960933
0.9999999999974498
1.0
0.9999999999999833
0.9999999999999718
0.9999999999854683
0.9978264392712275
0.9995325684267555
0.9999999999278175
0.9999999999220948
0.9999999999996136
0.9999999999320641
0.9999999951775715
0.9999999999999738
0.999999999928384
0.9999999999997184
1.0
1.0
0.9876619223499878
1.0
0.9999999870525316
0.9999999977671401
0.9999999239755992
0.7962854186375602
0.9999999999770874
1.0
0.9695053777553485
0.9999999999984621
1.0
0.9999999712928548
1.0
1.0
0.9999999999990943
0.999999999999994
0.9999999989636363
0.9999999999999998
1.0
0.9998726530366202
0.9999999999999922
0.9999999999984477
1.0
0.9999999999973841
0.9999999999999993
0.9999997745729852
0.9999999999999998
0.9999999745282007
0.9999966205584037
0.9999999965332227
1.0
0.9999999999991378
0.9989320755816552
0.999971016115245
0.9629137364618241
1.0
0.9999999999999991
1.0
0.9999999999998459
1.0
0.9999999999999987
0.9999999999963225
0.9999999999999991
0.9910095198813224
0.9999360580788185
0.9996696954134916
0.9999597064867084
0.9999999457198862
0.9999998905733136
0.9999999876459132
1.0
0.9999999999998239
1.0
0.9999999999999998
0.9999832028030775
0.9999991733226331
0.9999999999999989
0.9999999999999012
0.9999999999947105
0.9999999997310545
0.9999973808786786
0.9999999999834528
0.9999999999016824
0.9999999999965874
0.9999999999391078
0.9999999999912954
0.9999999999839966
0.9999999999873026
0.3477189470582666
0.9999906322013759
0.999999999999994
0.9991993641453178
0.9998786299582959
0.9999999587790881
0.9999998951172527
0.9999999999989606
0.9999999998904474
0.9999999999971017
0.9999999999999325
0.9999999999849136
0.9999999992544237
1.0
0.9999999631575873
0.9999989049584709
0.9999999999998417
0.9999999999999984
1.0
0.9999982077200313
0.9999956394279058
0.9995218221119501
0.9999999999930755
0.9999999998191618
0.9862078037500146
1.0
0.9502698677179366
0.743325941624724
1.0
0.9999999999999998
0.9999999999997478
1.0
0.8497405224503419
0.9999642198783777
0.9999999297924951
0.9999999373058276
0.9999638681761838
0.9983028079271637
0.9939076282537548
0.9967677096011521
0.9803636869180903
0.9807498908167113
0.9894804237745
0.9999999994409303
0.999994921246412
0.22631798682325804
1.0
0.9999999999999971
0.9999757738253255
0.9999999823569466
1.0
0.9999999986241608
0.9999999999966409
0.9999778497158032
0.9999999918803254
0.6353380329304433
1.0
0.9999999995899309
0.9999997395483066
0.9999999999998783
0.9999999999998064
0.9999999999999953
0.9999999999997953
0.9999999990250008
0.9999997075433256
1.0
1.0
0.9999999999995006
1.0
1.0
0.9999999998689753
0.9993906914255118
0.11867208961883949
0.988444212716486
0.9999999964900834
0.9972095137717446
0.760972461944085
0.9932275038323912
0.9999955810528754
0.7462413194560147
0.9999921676540283
0.9999999999681286
0.9999999999999993
0.9999999999897551
0.9999999999999998
0.9999999999939688
1.0
0.9999999999873794
0.9999999999618927
0.9999999999629141
0.9999999999675959
0.9999999999990736
0.9999999996147917
0.9999999974507434
0.9949671070320195
0.7323722077837614
1.0
0.9999999999999529
0.9999999999319851
1.0
0.999999970661523
0.9999999999916358
1.0
0.9999999289175092
0.9999999999976485
0.9999969737167682
0.9999999675250651
0.9999864224153484
0.9999701877201713
0.9999929968738808
0.999999999999452
0.3207442405412482
0.9999999999999998
0.9999999996230702
1.0
0.9998430910877424
0.996879371889841
0.9999999999998406
0.9999396451530739
0.9999999999999996
1.0
1.0
0.9932664873316167
0.999999999989986
1.0
0.9999999999988427
0.9999999998366627
1.0
0.9999999999998348
1.0
1.0
0.9999999999999634
1.0
0.9999999999998608
1.0
0.9999999999999594
0.09811577295242276
1.0
0.9999999999468567
1.0
1.0
1.0
0.9999995217180533
1.0
1.0
0.9999995020276355
0.99722572015763
0.9999999868406255
0.9999985621963245
0.9999999999998594
0.9997594011169433
1.0
0.9999999999908602
0.9999999994236246
0.9999783930429421
1.0
0.9999999999956171
0.9999999921214434
0.99999999999999
0.9999999999382958
0.9999999962204864
0.9616640493466734
0.9999999993201676
0.9999999999998259
0.9999999999967784
0.9999999999493698
0.999999999836201
0.9999999999966653
0.9999999874675135
0.9999135972863673
0.9999999874817839
0.9999999999951641
0.9999999999994416
0.9999999676685521
1.0
0.9999999993704229
1.0
0.9999999985762844
0.9999999999999993
0.9999999556984285
0.9998586181476933
0.9999999999474352
1.0
0.9999999999999936
0.9999999999957243
0.9999999999999989
1.0
1.0
0.9999999862189395
1.0
1.0
0.9999999999999973
1.0
1.0
1.0
0.9999999999995097
1.0
0.99999999999978
1.0
0.9999999999999967
0.9999999999999112
0.9999999999999978
0.999999999999932
1.0
0.9999999999999978
1.0
0.9999999999999987
0.9999999998544638
1.0
0.9999999999751359
0.9996379384487508
1.0
0.9999999998549916
0.9999999987032029
0.9999999999943581
0.9999999999996112
0.9997791221165135
0.999999999975556
0.9999999999780118
0.9999987640134758
0.9999999998541311
0.9999905914568227
0.9999999985240013
0.9999999999999603
0.9999999774381064
0.9999999999990858
0.9999999999999951
0.9999999928082235
0.9999999999799685
1.0
1.0
0.999999999840296
0.9999999999999982
1.0
0.9999999999993046
0.9999999999995637
0.9983457430607438
0.9999999998164868
0.999999999984674
1.0
0.9999999998402593
0.9999999999999489
0.9999999999989324
0.9999999999430094
0.9998373564617763
0.9999982970469835
0.9999999999999969
0.5120190413147692
0.9999913475978964
0.99999999999999
0.9999999999999871
0.999357370956109
0.9999999977232978
0.9999999999798115
0.9999998585569905
0.9999999961547588
0.9969279259312215
0.9999604037959201
0.9999999965104858
0.9999999999962412
0.9999999993556532
0.9999999999993026
0.9999999972276281
0.9999999999999314
0.9999999999977351
0.9999999925528911
0.9999999999999492
0.9964959291062733
0.9999999999624889
0.9999999999999232
0.999946479830361
0.9999999999999984
0.9997289733354746
0.9999999991319082
0.9999996067098694
0.9999999975006948
0.9999999994936208
0.9999999999999896
0.999999999990465
0.9999999976546674
0.9999999932562957
0.999999999997724
0.8905781838905621
0.9999999999999805
1.0
0.9999999345067127
0.9999999999999585
0.9999999999999993
1.0
1.0
0.9999999999995748
0.9999999866701792
0.9999999999917102
0.999999999999992
1.0
0.9999999999991671
0.9999999999974551
0.9999848693647053
1.0
0.9995019674381397
0.9996948039099953
0.9994225329717875
0.999984323285051
0.9999851924543444
0.9999999487123483
0.9999999907792426
0.9999999999779907
0.9969085867293479
0.9999999999983478
0.6246935949387027
0.9999999999986431
0.9999218414366572
0.9999780526990577
0.999999992702969
1.0
0.993922101207847
0.9999999885466536
0.9999993914582959
0.9598918151009997
0.999999999888493
0.9999999978218788
0.9999999999999962
0.9999999930643046
0.9999548793666004
0.044509325258552265
0.9999999994497168
0.9999999999999996
0.9999999918153794
0.9999996278667699
0.9999999973335385
0.9999999957736454
0.9999999957736454
1.0
1.0
1.0
0.999999999997979
0.9999999999993838
0.9999999999994447
0.999999981223532
0.9999999999528357
0.9999999995065101
0.999999999884756
1.0
0.999999999985882
0.9999999999988598
0.9999999999999905
0.9999999955504071
0.9999999721276843
1.0
0.9997818125564603
1.0
0.9999999999999942
0.9999997720427458
0.9527715313825045
0.9999999999867726
0.9998315503433979
0.9997606029564227
0.9999962597605561
0.727128365757764
0.9999999975598302
0.9999994706418152
0.9999987489747505
0.9999695318999686
0.9926242388211899
0.9997402211674955
1.0
0.9987935458157498
0.9998294886119106
0.999741044622079
0.9983812865677318
0.9669719548898401
0.9634412347139901
0.9999999999999425
0.3188655857275742
1.0
0.9999999371062582
0.9948850657078142
0.9846592969435757
0.9999999999999869
0.9978828447048349
0.9999999942126314
0.9904382195802826
0.9998376657504534
0.9851434147477737
1.0
0.9992391576611337
0.9999999634124097
0.9896398503958237
0.9999999999992992
0.9999999998918765
1.0
1.0
1.0
0.9999972919385439
0.9999843395893793
0.999999998732803
0.9999999986162229
0.999999998585414
0.9999999999395173
0.9999999997813014
0.9999338981757634
0.9998806114666177
0.9999999999999989
1.0
0.999999999999402
0.9999999999997979
0.99999999922848
0.9994977107877698
0.9999999999994145
0.9999999996201072
0.9999999999911069
0.9999999999497402
0.9983659449170914
0.9999999999935067
0.9999999974749589
0.9999986307168924
0.9999999999955036
0.5400934672397386
0.36286574251500797
0.41155450128237203
0.14751508844531774
0.9999999999997904
0.8596128348714993
0.9999999999806071
0.9999999907654494
0.9999999968285287
0.9999969316934502
1.0
0.9999999999999118
0.9999985882815826
0.999999999999637
0.9999812347709803
0.9973138357910357
0.9999999999906486
1.0
0.9999999951547129
0.9999999999987934
0.9999999999996203
0.9999999266517507
1.0
0.9999995072591451
0.9999999999999327
0.9999999998893006
0.9999999999997646
0.9999999999999998
0.9999999997125328
0.9984409199791723
1.0
0.9999823312908417
0.7559084051769702
1.0
0.9999999999995768
0.9999999999999967
1.0
0.9999999999999967
0.9999999999999967
0.9999999999999967
0.9999999999999967
0.9999999999999964
0.9999999999999967
0.9999999999998692
0.8998847187647073
1.0
0.9999999635088821
0.9999999999999916
0.9999999999999978
0.9999961086292377
1.0
0.9999999998867435
0.9999999999999996
1.0
0.9999999999999925
0.8184553472256766
0.24686054712151767
0.9999981261665737
0.9999999999999978
0.9999999999999971
0.9875860044441576
0.999924417994607
0.9999999999999976
0.9999992369667263
1.0
0.9999999999609706
1.0
1.0
1.0
1.0
0.9999999999999756
0.9999999999913267
0.9999999994727369
1.0
0.9999999999845859
0.9999999999984264
0.999999999033742
0.9964393668118191
0.9999999999978162
0.9999999998923901
0.9999999999999991
0.9997161254205299
0.9999999999995479
0.9999994806365771
0.9999999999380194
0.9999999999992517
0.9999999999350948
0.9999999999565907
0.9999999989782005
0.9999985820987718
0.9999999990827948
0.9756487763096785
0.9999999999975655
0.9999999999999947
1.0
0.9999969096316996
0.9999999999999478
1.0
1.0
0.9999999999999034
0.9999999999934153
0.9541530248411653
1.0
0.9999999999999756
0.9999999919586035
0.9999999999939024
0.9999999999780551
0.9999999965670847
0.9999999999988092
0.9999884331689995
1.0
0.9999938089707996
1.0
1.0
1.0
0.999992155265685
1.0
0.999999999759388
1.0
0.9999999997008442
0.9025093638224408
0.9999999997542037
1.0
0.9999999999999152
0.22268770567877924
1.0
1.0
1.0
1.0
0.9999997302975921
0.9999944867754275
0.9999999334676057
0.9999999999999807
1.0
1.0
0.9999999677275907
1.0
1.0
1.0
1.0
0.999999998657175
0.0871236768347818
1.0
0.9999999999985749
1.0
1.0
1.0
0.9820320772374911
0.9999999966504596
0.9981662092365952
0.9999999999297995
0.9999999932879873
1.0
0.9999999999841234
0.9999999999999938
0.9999999997770788
0.9999999999975511
0.9999999999973115
0.9999999999905542
0.9999733981966883
0.9999999962302137
0.9999999666377011
0.9999999970606459
0.9999999971640896
0.9999999944616536
0.9999999983452612
0.3370081574085872
0.9999993838449224
1.0
0.9999999955627872
0.999999999999984
0.9999999988460448
1.0
0.9999999999888438
0.9999999999637808
0.999998936367892
0.9999481873869361
0.9999999999872915
0.9999999999999989
0.9139681527527529
0.9970285800471022
0.9999999999850118
1.0
0.9982951962785672
0.9999999999999998
0.9999999797542569
0.9293679772452434
0.999999999999998
0.9999992805902083
0.9998919396254096
0.9999999999999902
0.9999999999999947
0.9999999999999951
0.15993527922017475
0.9999999999992175
0.37362962523873905
1.0
0.9999999999999998
1.0
1.0
0.9999999999999973
0.9999999999999998
0.9999999998481979
0.999999998542044
0.9999999973486642
0.9999999999986011
0.9999999999999738
0.9999999999969202
0.9999999061485275
1.0
0.9968934190510105
0.9968934190510105
1.0
1.0
1.0
0.9999999999746452
0.9999999999999984
0.9999999999995159
0.9999999999999671
0.7014154792406658
0.9999999893378605
0.9999999999981048
0.9999999891421184
1.0
0.9999999999992362
1.0
0.18673098444037717
0.9999999999999958
0.9999999999323639
0.9999999999999796
0.9999983453393494
0.9999999999967191
0.9999999995055118
0.9999999999999991
0.9999999999997984
0.9985737161247477
0.9988572357695377
1.0
0.9999999534927254
0.9999684969552808
0.999999723066931
0.9999974290422242
1.0
1.0
1.0
0.9999999599551603
1.0
0.9999999999999627
0.9999999999999751
0.9999999999489133
0.9999999999999936
0.9954814953824555
0.7337409049448115
0.9999999980954772
0.999999998709004
0.999034503774301
0.9999999999998324
1.0
0.9999999999929226
0.9999999999999178
0.9999999999999376
0.9999999999999001
0.9999999999984701
0.9999999998722855
0.9999999880879046
0.9999999999999512
0.9999999999999998
0.9999999999659295
0.9999999999990137
0.9999498073237666
0.999999999998443
0.9999999999997218
0.9999997843708862
0.9999999999909635
1.0
0.9999999999993077
1.0
0.9999999999999896
0.9999999999254372
0.9999998143183507
1.0
1.0
0.9999999999996072
0.9999999999941429
0.9999999999571563
0.999995851052788
0.9999960529769583
1.0
0.9999999999999813
1.0
0.9999999999996123
0.9985622804540386
1.0
0.9999999999998868
0.8365520383114491
0.9996200380435687
0.9999999999997824
0.9999999999151186
0.9999942065547546
0.999884751109841
0.999988058837775
0.9999999999999993
1.0
0.9979437687513495
0.9999995683311442
0.9999999999953393
0.9999994611092706
0.9999999999999822
0.9999999999974567
0.999988650039442
0.9954822662915628
0.9999999999990394
0.9999999999903189
0.9999999999999305
0.985872225863814
1.0
0.9999964820147914
0.9999999999999956
0.9999999931242565
0.9999999999982692
1.0
1.0
1.0
0.9999999999999982
1.0
0.9999999999999898
0.9999999590895653
0.9999502377842098
0.9999999999999978
0.9999998425164037
0.9999999993313213
0.05231132104613476
0.9999999999847597
0.9999999981122638
0.9967731699943659
0.9999999642914953
0.9999255411534015
0.9999999999999993
1.0
1.0
0.9999999999999831
0.9999999999999991
0.6269171265337165
0.9997758225923025
0.9600418302291657
0.9999999999999449
0.99999982629426
1.0
1.0
0.9999999999999438
0.999979823000514
1.0
0.9999999974621965
0.999893822382083
0.9999999999998483
0.9999802487829591
0.9999999540861998
0.9874637215072094
0.9999999999999998
1.0
0.9999999999422018
0.9999830814795646
0.9998795460772449
1.0
1.0
1.0
0.9999999873831679
1.0
0.9999999999999998
1.0
0.9999999999999998
0.9999999999999998
0.9999999909719738
1.0
0.9999661335790927
0.999999999905465
1.0
0.9984584683328515
0.9998838995103989
0.9999999999994373
1.0
0.9999978559185999
1.0
1.0
1.0
0.9997271403085607
1.0
0.9998887949300995
0.9998887949300995
0.9999999986048589
0.936183931418311
0.99999999999996
0.999999999999946
0.9999999999996094
0.9999999999996645
0.9999999999995217
0.9999999995341813
0.9999999999999991
1.0
0.9999999996599869
0.9999999967011115
0.9999999997804749
1.0
0.9999999999442939
0.9999999999833391
0.9999999999994282
0.13482819218998873
0.9999999999998288
0.9999999999999996
0.9999999999999205
1.0
1.0
1.0
0.9999999999790903
1.0
0.9999999999964009
0.999999999945685
1.0
0.9999999998398483
0.9996205580481525
0.9999999999800218
0.9999999999998399
0.9999999983460828
0.9999578215216294
0.9999999999998701
0.9999999999999845
1.0
0.9993252931524615
0.9999982585277754
0.9999999999999982
0.9999999999999942
0.4973364021980082
0.8670325596940945
1.0
0.9999999999999896
0.9997842544978088
1.0
1.0
0.9915220911757688
0.9999999997558129
0.999999996272338
0.9999915639508243
0.9999999999999805
0.9999999840350844
1.0
0.8737972493706245
1.0
1.0
0.9999999999999281
0.9999999999999758
0.9999999999750062
0.9999999999995617
0.9999999999821934
1.0
1.0
1.0
0.9999999999993989
0.9999999999994442
0.9999999999999993
0.06642901175201964
0.9999999999999554
0.9999999999999705
1.0
0.9999999999999973
0.9999980795773508
0.9999999986809802
0.9999999999742408
0.9999999999790172
0.9999999997743223
0.9999985339343389
0.5252788301828335
0.32678744045231994
0.1355052285309421
0.3263665768387308
0.23337163038260816
0.034173095000306256
0.9998350217871327
0.9999941959820935
0.9999871755714805
0.9999999881683067
0.9999999356120023
0.9999999943968498
0.9999999997335856
0.9999999999887188
0.9998436563194047
0.9999999968577957
0.9999999999999996
0.9999999991978352
1.0
0.9999999917344334
0.999999999999988
0.999999513516725
0.9999999895596107
0.999141427979984
0.9999999999999052
0.9999999763437822
0.9947505124040852
0.9999999999992937
0.9999997715605753
0.7479452472788848
0.9986895600270227
0.9999969719475255
1.0
0.9999999999999998
0.9999654177788968
0.9999995544140698
0.9999881225502322
0.999999999996467
0.9999998853460748
0.9998527026780712
0.9999996663930402
0.999999997756134
1.0
1.0
0.9999999264720943
0.9999999999999569
0.9999999999961671
0.9999988702557332
0.9999999999999625
0.9999999998566531
0.9999999999971354
0.9999999997793914
0.9999999999997937
0.9999999999999982
1.0
0.999994625608374
0.9999999999999827
0.9999999999999962
0.9999780923438549
0.9999999999999762
0.9999999999986389
1.0
0.9999991682156946
1.0
1.0
0.9999999999963531
0.9999999999998863
0.9999887207669108
0.999999986322933
0.9999999965961381
0.9999999808286967
0.9999999999928446
0.9999987889222796
0.9999999998369906
0.9999044373578867
0.9999999999803817
0.9999999992533244
0.9999998248500106
0.9999999979002134
0.9999999996405358
0.9999999996416795
0.9999999997747739
0.9999999721614156
0.9999999435376089
0.9998997373715088
1.0
0.9999999999703444
0.9999868654122951
0.9974157848447247
0.9999999984624603
0.9999999999078755
0.9999999998378124
0.9999999998422888
0.9999985930095648
0.9999999998092366
0.9999999999445819
0.9999999956951355
0.9999999999999996
0.9918851177183617
0.9999999996807754
0.9999999991959452
0.9999999997473692
0.9997724655513976
0.999999999885258
0.9999999998027274
0.9999999999068445
0.9999999240870001
0.9999943802492298
0.9999999999940037
1.0
0.9999999156627197
0.999998618408294
0.9999999999918516
0.9999999988639341
0.999999219423173
0.9999999999390952
0.9999999999224969
0.9999999978511327
0.999999999753864
0.9999999998458975
0.9979123636206764
0.9999999999038574
0.9999999999999869
0.99999999994886
0.9999999962937225
0.999999999999927
0.9999999999802998
0.999999986647004
0.9997546499600565
0.9999999999999893
0.9999999993490978
0.9999996227106278
0.9999553359307103
0.9999999999996203
1.0
0.9999414782506002
0.9999999999999962
0.9999999999999776
0.9999999999999825
0.9804732531281221
0.9998924633803834
0.9999999999999996
0.9996020708595628
0.9989772720259077
0.9999999459314766
0.9999999998893507
1.0
0.989881682132236
1.0
0.9999999734985217
0.9999999663632717
1.0
1.0
0.4712748367769536
0.9999201254821813
0.9999999050401752
1.0
0.9999999999969489
0.6601284796085706
0.999999999999966
0.9999999999598779
1.0
0.999999999999222
0.9999763734685749
0.9999998876712337
0.5214306267880192
1.0
1.0
0.9999999995812874
0.9999999985497774
1.0
0.9999999982006298
0.9999999996246802
0.9999999999999603
0.999999992889441
0.999999973655191
0.9999999969469524
1.0
0.9999999999846845
0.9999999999991387
0.9999999999999531
0.9999999999998845
0.9989165414654467
0.9999999999999964
0.9999997959328596
0.9999999999214828
0.9999999999996922
0.9988698735241313
0.99999999959517
0.9998586164655754
0.9999999999999956
0.9999994024424852
0.9999999999999996
1.0
0.9999999999687093
0.9999999815131261
0.9999999999999998
0.9999999684862168
1.0
0.9999994792425085
0.9999999999648463
1.0
0.9999999624166952
0.06832167095849215
0.9999999998489728
1.0
0.9999999999999818
1.0
0.999999999992152
0.9999999999999996
0.9888806426416887
1.0
0.9999999999114533
0.9999834487658897
1.0
0.9997116416130228
0.9999999999946794
0.9999999999974691
0.9999125351466602
0.9999999999999996
0.9999999302271845
0.9999999994824424
1.0
0.9999999999988924
0.9999999999995193
1.0
0.9999999999999873
1.0
1.0
0.9999999999997813
0.9999999999996272
0.9999999999996942
1.0
1.0
0.48245142711725586
1.0
0.9999999999883165
0.38577001532173855
0.9008620353701675
1.0
1.0
0.8784567485563745
0.9999999999947404
0.9999999999994642
0.9999999999759244
1.0
1.0
1.0
1.0
0.9999999999991529
0.9999999999988471
1.0
0.9999999999999238
1.0
0.9999999999573546
0.9999999998498652
0.9998054645426704
0.9999999999989388
0.9999999999983187
1.0
1.0
0.9779344222978684
0.999878906565742
0.9999999999292497
0.9999999998919371
0.9999999999990148
0.9999999999995741
0.9999999999999991
1.0
0.9999169693383987
1.0
0.9999999993604851
0.9999975019937134
1.0
0.9999999999831357
1.0
1.0
1.0
0.9999999999971143
0.9999999964068267
0.49796485646411964
0.9999999999988778
0.9999999997177922
1.0
0.6922530436078949
0.9999999999999996
1.0
1.0
0.9999999951878122
1.0
0.9999999977722249
0.9999999970738136
0.9036662997711244
0.9999999999958218
1.0
1.0
1.0
1.0
0.9999846725367181
0.9999999999987412
0.9999999999806128
0.3046067247796106
0.9999999999999982
0.9999999999999998
1.0
0.9999999999999443
0.99999999999998
0.9999999903155682
1.0
0.3581244388971895
0.9999999791092185
0.9999999999985023
0.9831019632550895
0.9999999799647135
0.9070351123533343
0.9999999999997031
0.9999999998632565
0.9999999999999998
1.0
0.9999999999999962
0.9999999999999998
0.999999999880679
0.9999999999992899
0.9999999975668596
0.9999999999809095
0.9999998584545977
0.9999999999891727
0.9999933241793247
0.9999999881053573
1.0
0.9999999991732198
0.9999999999944624
0.9999999999999547
0.9999999999259355
0.9999999999997529
0.9999999984291383
0.9999999969961197
0.9999999984884218
1.0
1.0
0.9999999996467339
1.0
0.9999999619929657
0.9999999999783102
0.9999999999998161
1.0
0.9999999957513148
0.9999975748862878
0.999972254439665
0.9999999999992744
0.9999999999999991
1.0
1.0
0.9999999999723621
1.0
0.9999999644780887
0.9999999999999998
0.999999945303247
0.99953516653499
0.9999854686798556
0.9999446159900434
0.9999999917000891
1.0
0.9999999999999996
0.9999687097430223
0.9975860732131605
0.9915780770977881
0.9999999999993257
0.999962723636944
0.9999999965927187
0.999999973402474
0.9999975911541014
0.9999994338949737
0.999999920672536
0.999999999844104
0.9999827658093416
0.9999999999900266
0.9997061521246913
0.9999999999996227
0.999998482295234
0.9999999624852437
0.9999975148608475
0.9999999999337039
0.9999585499022163
0.999999997177228
0.9999964054904362
0.999758691517867
0.9998971285845233
1.0
0.9997607917874219
0.7487998565034099
0.999999939345492
0.9999999999999998
0.9997711463721203
0.7775729808876659
1.0
0.999999967340474
0.9999999999449607
0.9999999999563185
0.999999999996922
0.9999999999871141
0.9999999999279487
0.9999999999529918
0.9999999999279487
0.9999999852949009
1.0
1.0
1.0
1.0
0.9991804684229164
0.9999489086890756
0.9994856436432903
0.9999999999867686
0.9999999999969609
1.0
1.0
1.0
0.9999999999999969
0.9999999999957474
0.9999999992428299
1.0
0.9999999995655393
1.0
0.9999999999952927
1.0
0.9999999939040416
0.9999999135701813
0.9999999750365871
1.0
0.9999849467935914
0.9999999971689801
0.9999999999692768
0.9999999885249756
0.9999999998737203
0.999999904637257
1.0
0.9999999998937421
0.9999996827226137
0.9999999999999691
0.999999999997736
1.0
0.9999999999999993
1.0
0.9935527726565576
0.9999999999981686
1.0
1.0
0.9999999999985572
0.9999999997462123
0.9999999999250151
1.0
0.9999999999999993
0.9999999998349269
1.0
1.0
0.9999999999313289
1.0
1.0
1.0
1.0
1.0
0.44984353073903954
0.9999999999590787
0.9999999999998774
0.9999988669106974
0.9999924280637763
0.9999941003888043
0.9999999617295917
0.999999999998824
0.9999999269759035
0.9999999923786999
0.9999999881206817
0.9999999999999702
0.9999999997503131
0.9999999928804129
0.9999999999999996
0.9999999999802966
0.9999999999924696
0.9999999999498594
0.9999999999926428
0.9999999994049069
0.9999999999939098
0.9999977299705952
0.9999999997487767
1.0
0.5185749350892563
0.9999999999893541
0.9999999999999996
0.9999999940672366
0.9999999124539435
1.0
1.0
0.9999796665978057
0.9999999999998495
0.9999999998133404
0.5846385957650326
1.0
0.9999999998919811
0.999999867856788
1.0
0.9999999406932374
1.0
0.9999994670768737
0.9816543377845576
0.9387618603644046
0.9999999999969265
0.999999997423423
0.9996616992617325
0.9999999999999925
1.0
0.9999999957299133
0.9578030739599895
1.0
1.0
0.9999999999999958
0.9972633578703622
0.9999999999999976
0.9999999999943041
0.9999999999990816
0.9999999996984346
0.999999999999827
0.9999999789080536
1.0
0.9999999999393041
0.9999998519108724
0.9999999943943689
1.0
1.0
0.9999999854885444
1.0
0.9999994659855996
0.9999776105776454
1.0
0.999999999970707
0.9999999996716735
0.9999852699231383
0.9963688626517905
0.999999999998904
0.9999999995276172
0.9999999999999993
0.9999999999999993
0.9999999998565503
0.9999999999955029
0.9999999999979003
1.0
1.0
0.9999999973047828
0.9999999998959685
0.9998655046748854
1.0
0.9999990145520435
0.9999999018865792
0.9999999999834679
0.9999999999999922
0.999999980594232
0.9999999999999865
0.9999999999850124
1.0
1.0
0.9999893908147863
1.0
1.0
0.9992344668560778
0.9999999999515978
0.9999991753790599
0.14209444769788912
0.9993004343162496
0.9981888112226965
0.9999999988161297
0.9999999999999964
0.9999999999969296
0.999999994980439
0.9999999999996885
0.9819945755475812
0.9405432791942425
0.9999999999998817
0.9999999129805297
0.9953440985854884
0.9999999999753741
0.9999999999997051
0.9999999987597812
1.0
1.0
0.9999988248473751
0.998275355979333
1.0
1.0
0.9999999999999922
0.9999999999999787
0.9999999999999996
0.9999999999999973
0.12588701192165308
0.9999999999999909
0.9999966130988133
1.0
0.9999999999999976
0.9999999997723521
0.9997652706177185
0.9999999999751088
1.0
0.9992001973004022
0.9990509857520553
0.7978359806762114
0.9987636849997592
0.9999874888815851
0.9999999999277571
0.9999999999997544
0.9999882345003552
0.9999999679144499
0.9999999999998908
0.9996287085329755
0.9994102994410067
0.999999999995214
1.0
1.0
0.9999996128845403
0.999999991098747
0.9999999937519397
0.9999919496714028
1.0
0.999843081320494
0.999999999993596
0.9999996371147108
0.9999999999999221
0.999999999932911
0.9999999999995521
0.9999999999852229
0.9999999999996061
0.9999999999835318
0.9999999738274756
0.9999999999962734
0.9999999999792872
0.999941712698484
1.0
0.99999999999997
0.9999999541857506
0.9999999999999816
0.9999999954054943
0.9999999999509555
0.9998475628048553
0.9999999985215016
0.999999084633506
0.9999999984115759
0.9999999870439107
1.0
0.9999997563972925
1.0
0.9199897295881706
0.8121923538070105
1.0
1.0
1.0
0.9999999999966416
0.8264849723281306
0.9999999999542941
1.0
0.9999997519052288
0.999999646038065
0.5274096393025788
0.9999991112703492
1.0
0.4003065989869227
0.4338487100986938
0.9999999999941842
1.0
1.0
1.0
0.9999837560391772
0.9999999999999998
1.0
0.9999999694425306
0.9999999999998883
0.9999491472147326
0.9999999999999998
1.0
1.0
0.9999999999999143
0.9999999999999998
0.9999999999996367
0.8560736091576319
0.9999999999990739
1.0
0.999999999995145
0.9999999999999998
0.9999964980699869
0.9999999999996578
1.0
0.9999999999999998
0.9999999999986053
0.9999999999997533
0.9999999999997877
0.9999999999996365
0.9914766954987762
0.9999999999990252
0.9999999999982927
0.9999999992093822
0.999999999995435
0.9999999996287736
0.9530310832483246
0.9200123544336367
0.9999985180687375
0.999999449728162
1.0
0.9999999998958864
0.9999829769566423
0.9999999999999942
0.9999995832698092
0.9764954008447569
0.9999999999804192
0.9999999981619789
0.968005116915709
0.9999999980949363
0.9999999995541744
0.9999999974868319
0.9999999999999127
0.9999999999992344
1.0
0.9999999999948919
0.8031720429841507
0.9999999999046407
1.0
0.9999999999833145
0.9999999999999971
1.0
0.9999999999956832
1.0
0.999999999999998
0.9999999999755325
0.9999999999839675
0.9999999999955071
0.9999999999999238
1.0
0.9999999999999201
0.9999999999917517
0.9999999999999813
0.998644780727901
0.6182805915622672
0.9999999998702696
1.0
0.9999993029052766
0.7114045379989941
1.0
0.9999999964253978
0.9999999999922458
0.9999999999627742
1.0
0.9999999995647149
0.9999999999409286
0.9999999047760348
0.9999999999898233
0.9999999905511455
0.9999999999901272
1.0
0.9999999970704727
0.999999879913124
0.9999999997470028
0.9999999999763052
0.9999938896705696
0.9999999999999496
1.0
0.9999998873821523
0.9999999999988856
0.9999989382058018
0.9999999999939184
0.99999999993533
0.9999999991286794
0.9999999999996074
1.0
1.0
0.9989803553104544
0.9999999999399072
0.9999964241882229
0.9999999999995706
0.9999999999810967
0.9999999999997031
0.9999999999502382
0.9999999996077011
0.9999999985315595
0.9999999999996503
0.99999999993245
0.9999999974914768
0.9997822677762696
0.9999999879684994
0.999999999996219
0.9999999844816061
0.9999999844816061
0.9999999879836275
0.9999999999999978
0.9999999939665432
0.999999959315563
0.9999999978828928
1.0
0.9999999999999818
0.9999999997542586
0.999999999998326
0.9999995434949079
0.9999999999395697
1.0
0.9999999723803418
0.9999999991308262
1.0
1.0
1.0
0.9999999997280054
0.9999949336269552
1.0
0.999999999952716
0.9994739274591867
0.9999999999999998
0.99885726915052
0.9999999999999996
0.999999999767675
0.9998910459817889
0.999999961012678
0.999940710646035
1.0
0.9999999999999962
0.9999999829086569
0.9999523619015901
0.9999999999999984
0.9999999900409976
0.9999999998676716
0.9999999999482454
1.0
0.9999999999400402
0.9999999846541427
0.9999999999408387
0.9999999999996445
0.9999999988074291
0.9999999995752042
0.9999999999978695
0.9999999999134774
0.9999999999994382
0.9999999999994906
0.9999999999983866
0.9999999999996845
0.9999999999997025
0.9999999999999578
0.9999999999995397
0.9999999602468053
0.9999999985291677
1.0
0.9999999999914428
0.9999999998517979
0.9999999999633606
0.9998731223651331
0.9999800121871181
0.999999992935074
0.9999999988898343
0.999999999999521
0.9999999999939664
0.9999999884690364
0.9999999994161402
0.9999977193089897
0.9999889983039677
0.9999999974191434
0.99999999998718
0.9984591053781411
0.99999999997639
0.9999998262180636
0.9999869007012259
0.9999966898558811
0.9950987492054886
0.9999998084315135
0.8341808949433043
0.9999952844169209
1.0
1.0
0.9999999997814424
1.0
0.9999999998092184
1.0
0.9999999999870179
0.999999999951275
0.9999999999999623
0.999999999999936
1.0
0.9999999999302391
0.9998331185873399
1.0
0.9999999999999991
0.9999999999999969
1.0
0.9999988641949686
0.9999995141902054
0.9783415211885981
