solver_type AVLTREE
nr_class 2
nr_feature 46
w
10686.13595962229 
16242.45035278926 
23849.81729959497 
1972.099305704916 
11000.95329824889 
0 
0 
0 
0 
0 
10541.97363563272 
16260.45160600591 
25222.72304940889 
4723.992092282634 
10878.95222276755 
5531.042827146435 
4390.334619247308 
-3652.668942252306 
-14674.37872738184 
5525.521684424891 
50961.727840956 
53808.22833376315 
62672.86014231058 
55372.8696069666 
21672.09141165718 
22160.05120625838 
21173.79900718586 
21953.11020743719 
23763.80999476673 
25948.1506875156 
26888.57882617203 
25697.62461686889 
8686.426378848106 
9190.475817007098 
10819.86709484279 
8121.559949192617 
50806.5723975029 
54852.96422505855 
62521.75469215679 
56036.94992394788 
-11183.57028403634 
-13485.56280264015 
0 
576.6286378823235 
1216.469539528927 
-695.7928740818724 
