931600.6282407515
799779.2489431148
862934.1685585940
1100753.4502671878
938516.9734475613
-42290.8777423250
1164355.2961384836
1055389.7770430059
926304.0682724770
528516.3546334583
314832.6357653464
614472.4648049021
369243.3496582166
740088.3329376080
780255.2865316448
1748452.7113065559
854117.2407298072
348339.3686314994
725121.4591128706
1081622.7039448551
93686.4354506451
505866.6388846535
1133003.2159725479
114022.7627973670
1434548.3429684052
955904.5049002243
1243952.5505928684
760304.4951721624
1071399.7396469114
1020353.2873435991
533159.6141603295
1046096.1726954717
615115.9870848415
916417.1333826901
490026.1927869638
492762.0600185078
1457194.3735593706
3184.9434238728
1070825.0004132902
705251.0112277366
1156283.8856520820
1305951.8962399731
1401670.5363122239
753189.5540476705
623634.3350799056
689932.0277517237
755971.4734312113
1010897.5603786925
851955.5378550893
967443.5735978346
560282.7602509547
82610.8902266394
1161853.9935268841
122460.8944070316
5867.9147685733
1302235.2870788025
1187624.4173179257
801353.6922051226
989171.1145591561
695193.6767037514
340324.1348617395
1661418.8405353776
563414.9153520274
509316.8439246485
1228350.9629172594
388279.9476688799
1086723.2886373471
-4954.3122000474
892503.0959721608
1214844.1086758231
1400232.4117998541
387166.7599132832
112763.9683960306
1398606.7044969643
-14657.7906840268
979954.7283644648
1129716.9675497245
1366930.3814856980
274003.7641902813
1008776.7046770671
815110.1878317518
1051381.5202439828
-91969.5818831406
796313.8679159661
676073.1493202412
124581.4730509685
1379002.6352535281
1243187.0138187073
899759.1146684769
955818.7428059881
954788.3784238531
966261.8159240272
936280.5618491772
1348717.3090733462
899626.2995041288
783245.4472923543
245919.3489109551
1048258.5550103070
1014458.6177927712
357493.7101669724
-45380.7193925137
1386340.3481650318
86162.1615537507
470443.9230729031
825602.3555740619
778171.1197138657
132742.1734146988
247118.8910715189
1389302.1598420772
1056649.5312436272
109466.4377776953
519994.1311758400
1510466.5863157911
390547.0601141227
326883.0557650233
1329455.0303958610
246679.3489539250
538658.5872963023
970987.1542816582
652275.8611700893
1184206.0751164099
684382.5445167155
695493.2073581911
632975.1177409319
1250245.9032234056
53373.2221584804
811472.8378481355
554837.6047846252
849666.3869855356
909378.4577338081
441144.9640155765
315944.7868003285
727947.9403783927
116873.7695463865
1917662.2951052785
855129.3583487977
20005.5917756252
1431839.0593937607
855624.9720170611
858800.2816701533
275176.5666584195
1288643.0432039641
1354635.1448996817
1313442.0770536570
1220822.5183259260
1028311.2190819635
264560.8726421620
510910.4628579899
1105109.8024812141
518506.3205710345
863077.2608402497
774429.8660495159
1226286.0627728719
32347.2953306506
525754.1908303727
1474609.6860565066
1054579.2996170435
170932.3279857715
961197.1725749143
1249426.1373229304
1497546.7015729442
642228.3801566416
52922.4824260169
1225746.8814814033
138885.0914365179
108823.9728990882
1227218.4424905493
845318.7638260558
62541.4444250889
1425944.5543438829
518199.1720583499
670347.6335905159
833137.1962699822
668919.1912769659
824435.2125041188
29733.2606592254
833136.0188076552
564379.9014711259
608520.3159133177
369139.6322396781
736552.8302861886
820120.3826197971
935635.2236127100
771167.9149965780
284438.1986522649
1708709.9154419056
1126334.8444611200
588336.9007467930
1114912.6162439506
798566.3947141515
790833.6509834508
282657.3156977966
397904.8550682151
342192.7571320371
134582.1712274177
989075.2717805204
873580.4838873399
875441.5476290842
318811.5078584402
853032.0501908101
408575.6636532195
1752684.8554050389
354122.5087150402
880867.9089868417
755853.6258078192
1052334.6347811108
346770.1138436822
934325.7234632829
1263478.6686540125
1002564.9884201292
118357.3548375873
-33179.7222595391
803202.3381322530
1077464.8423070360
952987.1702834371
899086.8922121422
398494.5643854238
900077.8653727676
451323.6641647777
554137.8734834171
611012.2733947109
1069128.8106061867
688445.8503098738
217659.9662145844
821789.5159562290
1368906.0210899692
1139933.4219045029
1030656.4646896760
798294.6164883851
1124474.6256464240
561869.9817491844
507879.7937496693
490419.3361710763
89966.0974431063
1041842.1904191568
919671.7883840147
431509.6350794772
544941.2088945959
1019217.0505201524
366197.4398829761
208213.8428162579
812180.0983568047
797204.2166673029
1011702.3765163185
487308.4664177147
920787.6625169561
713552.5880326362
218494.3162751479
1500996.5578380290
597899.1762218543
971005.4222270062
1103070.7578981214
530718.9546267478
23902.0075449472
892198.0863022691
475189.7982768372
1088804.4131249776
154351.7609012137
161617.8878357867
136960.3299891520
521442.6015390701
116599.5670447547
-93570.1800131112
137634.9384363660
108836.5318066437
206091.2779452671
257592.7556290704
518135.1696404661
976579.1997943707
862218.0574611179
341464.7178303908
308925.8367932115
183908.4658408694
302052.2211333734
881876.2877564817
1157719.4156508446
1223100.5292390534
711521.9458499950
511639.7525390099
1044582.8813917524
1057713.1451409089
37770.6640028853
540367.6066914431
1204856.3909163065
1625857.7343876220
519105.6795282774
78281.5504443636
623222.6488448064
174964.7625608177
106557.8458003161
366849.2338964068
156971.8824960933
776652.0977809799
700943.2493668072
49850.1122896711
1338288.0680517466
893370.7707391487
981819.8613900277
1140761.9516230887
791806.9558548752
1119708.2747372121
-28477.0426984296
1177079.4675637032
447370.4491497962
465783.1333131386
905861.8053482582
827928.6477995040
416914.3845865377
642904.3909550421
490356.5286626138
736307.8637060343
555808.7361110828
971614.1960579176
686946.6494809645
1009943.7245032941
329235.3230383734
889389.7774471184
67315.1456761539
529827.9019928123
1710731.9108140413
-4331.6532397235
354934.8143536440
831095.8676565825
1249721.0841030006
624478.4971221364
700731.7217123329
514500.1680393557
1366134.1224478162
879219.2759678742
-37776.5434962180
422747.9608270607
1069676.7523490780
946158.8710780100
520157.6699559586
1826557.1287871127
973142.4073289782
660405.3421541911
178161.6332562928
1362813.1343900070
1465182.9416884684
-20065.0414862669
418909.0861066384
681539.1246822225
250921.3876180429
234259.7184769897
374274.7362159694
910479.7530359115
798814.4200154941
1063259.4629980410
1521281.6973348511
755994.9640609814
1176747.3400861039
947250.6857569919
570777.8422475581
620236.8262040565
1037633.3864774965
465480.8781632019
509815.9888091210
884378.1256637131
629011.7971201827
710732.9675963132
723894.3308357016
345711.9009535712
335808.4356255412
553429.0462159396
230015.8708443299
824112.3588368850
1033996.1089837800
134383.5080194374
563061.9119295947
1248592.7242518079
831969.3395134459
483998.0095833811
1030030.1256291671
863860.5287328142
878073.2056428941
84471.4397310525
1028454.1191834897
129401.5577629051
587536.5439607647
31707.5521531260
495034.1369661175
1015471.7731008314
1127408.4402844536
1661315.5939586463
1237404.9306504510
1325684.5517069688
218486.1866291320
325226.7332802397
1360719.4914607478
1504923.4519696268
1163600.5325533110
1312878.1544071734
77489.7698287890
913686.9220036856
1182369.5823457916
1287634.3861322145
1268528.6953223203
1029474.0417130076
896989.7998849632
1070217.5489584457
870916.3832958314
1011226.5434236939
990622.1071122586
934193.5593988744
754935.1836360402
842329.5827626545
873795.4210316286
42089.7191695315
1409659.4768883917
866040.7317362733
1224242.4029073361
995572.8790860747
606276.4222356592
277072.8080531150
86468.9829556132
175927.0062392763
922280.9187348289
872455.8842734746
328182.9595253200
-2584.5980707779
1258992.3467417306
1263309.1621342308
1440952.4339694658
-51899.6564839578
1123460.0006237028
912325.1698773435
165767.0702763428
930252.8705771617
1787713.4019193768
174538.8197682093
804391.8204948818
-97497.9175690978
590689.5688575500
1008029.0752477340
862131.9459924401
735126.7850085744
838405.5067126266
1130716.6250272966
945347.6729159575
957794.8496004534
1097741.7057624471
970510.1682844817
955699.9875650002
1016500.1983385512
439935.8136567333
768399.8033348528
642832.9806793757
694011.4222354381
295172.0583320116
1137938.9297897923
1119084.1168121207
704172.8607172304
373675.7999960056
489976.7414841789
685688.5420103484
697261.4479308600
681157.4083502335
-15784.8823518378
1286858.4195852822
1085638.5954942140
1080225.1049385299
1074254.8580112765
622169.4389609330
616065.2989724762
437302.4206807960
710191.0525178849
1429354.3274362423
1589014.5254523219
1322440.1774940146
-46631.8509107219
632303.3253800176
1609360.9897771685
1120367.0025755574
656756.2282364573
1677135.1812040310
1456074.1609180055
1090918.7266987879
1634037.9111404046
-54718.1824619002
994528.7575256034
598609.3860031725
745869.3641940299
384211.2239274093
1095952.2450235542
-9177.1634041675
490453.9783137965
725602.5731471375
713601.3084404139
978798.8255441114
824584.9352008133
1007545.5756726555
886285.7888142088
580885.9948496525
772535.5746064180
781969.9343399711
1563822.8554751065
102725.5634291215
1430045.3907467134
830014.2745290265
1024973.4013788954
1014377.6971582565
416231.2310938794
1026068.4036964106
824325.7647132104
321048.2732204379
363278.5709446217
738020.3628527051
954022.1111923321
441526.8530453735
1201557.6833503034
194073.3815652956
233.2244303337
1640340.7586852387
181666.8414053207
974905.4103558696
814285.0509517134
1009986.0672340590
996190.6423064449
6792.8197084700
1059400.7372253104
845084.3422345244
1011102.0053612404
390329.5790650692
1317857.8600294762
1044800.7783257093
547534.8648498983
1744035.1122744158
1039803.7743002551
794455.2265876366
200950.7363253490
936562.8314991170
1166273.2110059951
1123791.5191566623
102864.2658516026
-74551.5741723892
314193.9006954878
5635.7136737110
1051832.1722777993
607299.5957220914
682436.3901262236
957390.2635503754
1147813.1602222438
658377.3667327181
1075394.6507669145
1017131.6186275554
76314.6577659879
975806.6754872032
301507.0892493132
588295.5643887103
1019789.7385723855
566520.6820198706
685868.9698302648
77925.5369750943
856096.8964640622
1387729.8362145296
1660880.3409830385
812886.9349031189
402358.5883694669
-38909.9598861004
1067887.8063408728
165196.9802617353
957221.6288414188
1326915.1094614654
319761.8817188944
319761.8817188944
1251956.4439693007
328095.3692188264
709490.4016171980
319761.8817188944
1665057.7295310546
1343700.2424736216
833538.9276552462
1040134.4794331695
848956.3236526358
871751.0511329700
631578.0919543591
651871.4621926993
393811.4182496424
821993.7672241362
-1128.0595097370
-20617.8626326422
-42953.1394210475
-28010.6057975812
-45960.0550861277
-29324.5947918088
-41843.8456261751
-49296.7899652090
-49236.1546064321
-14209.4370740941
-47341.1063264452
-23259.6903979546
-17335.3002070944
-60115.3908216132
-82192.5155506812
-20878.8572643482
-32394.5753838373
-15688.1550727085
-35792.6242222852
-43379.5511199366
-33330.8845483162
-65588.3715586468
-11047.1271325502
-44330.9538218657
342170.5520957654
1214343.2601980353
795339.8223903219
267706.1104624216
803935.2054293434
169058.6011861314
812686.3986725994
475021.0313024636
1104528.6823821391
824009.1384079130
462698.0510679077
-5631.9183277675
1346314.1551968956
680592.3653727805
1221874.6283710506
679615.8585599368
488427.4821968943
253199.9186196646
-725.0893628365
279220.6604013090
1004715.1451688956
666473.8265687582
862344.4050478247
1011336.9147449117
983394.2711436986
1054740.5315012797
1048427.0421301090
126411.1841943388
1476721.1261189673
1265173.3662966783
844774.4612842921
1233444.4994359501
554679.6514280088
590170.9101292854
1126936.8157383453
1304577.7248348740
364688.0826597313
1051422.2108905960
503851.6974961868
1410475.4070991045
12587.9611419151
687581.8968693758
-72772.9342430645
808493.5852546904
727090.9364430730
1030334.4008632131
899453.6862115322
1085080.2747524504
247110.9557220574
1824530.5489545441
1150044.5717060852
90729.3070398553
465927.3278204209
7851.1066531387
873140.7659171709
421759.0243688556
571954.6880909618
241980.5993325591
1030372.5553952326
640057.3204956349
501944.3997872178
924718.4607494550
-40809.3449623245
27846.7579140634
1127096.1218228941
1441592.4472909772
914159.3569408361
841428.8557302097
707912.5143081675
837848.5057169463
102422.7968658548
222324.8621123622
534063.9330564636
726789.7886695693
1273731.8690043464
794248.8662487428
1334832.5731034679
683732.1054001494
1033280.2719726637
1163899.6323609948
249596.1274825394
484995.3748444835
939346.0233176169
151445.1235783603
1218633.5203482064
426521.2113916816
737576.6610880134
1272872.9692834932
1275556.4368263653
298557.1885930323
1029622.3223318290
874698.1996616984
534483.0117109780
1141670.3566034290
131210.2892029759
726032.3940234364
1046822.7302947693
1430777.8344978953
15709.2768359703
643521.1390057000
622809.6659458969
103366.9405999217
1342995.0239110696
1007738.0086160554
1207548.2596265413
-68343.2719009822
1156494.4052131260
552493.6383413514
1280462.7296637509
1140094.4629624737
1284005.3407907959
490151.4201215463
596513.3071985875
329217.1181488568
140686.6057738878
613084.5790428649
59361.4789039342
925706.0173976200
1493660.8421428232
988935.9147712999
1612664.4794306303
1343131.3846303907
238345.0243876499
566121.6399186930
1021411.1687964302
1099851.6851804678
711366.6034320475
395793.6087607947
598702.4934808587
762419.8852416272
612146.2772294247
162696.2558783280
478598.0194318742
832815.5837876827
182657.3590134862
1285839.5537059905
667249.3281699386
-21863.6174585331
696344.3765620693
-42326.9837328978
120879.8178747678
775859.2110699439
97249.1478829801
845831.5024997788
523984.2328141871
685715.7418487341
907276.4759595139
1194561.4381741909
250977.8540163948
893622.3582724161
171027.0688787354
817505.4783240475
966203.2652227448
1336549.3651659489
-59924.1104314054
587339.2790732934
194507.4279958714
865502.6333809452
970028.6712208383
243811.9929278722
1219911.0746650004
1034673.6856439244
1180374.2672343124
830705.7065694161
936935.9637864406
901569.1012916073
718942.1880937595
232292.2503063848
1179921.1293650884
1051978.3026487138
154891.0481468568
487803.4112537949
838766.9617160613
532709.9058152051
1103940.0224891710
46794.6222268705
141644.6003036251
214840.8624617163
654175.3356317758
500924.7431747282
424823.8964370198
884212.9274104470
770312.6224208406
552075.6407846456
118337.5989538461
636951.8065815065
455149.8899202864
44734.8770756835
406438.9772066323
773679.3789950230
560355.3815876577
712927.9780846322
640121.5899687762
385064.2329315415
933115.0640037863
276297.5582149253
609650.1388439337
120642.9166133048
49614.4573175581
125822.8419504362
1565765.4293190921
1574135.6391377214
174083.0216925677
1572449.3073922326
21674.8646796703
1565107.9501216514
1059538.2519992897
721630.1360395697
511034.2581982161
436471.2996850497
661400.3099406544
764227.1306695712
1271924.3691227157
1022860.8401036469
935779.9745407192
578947.0784249276
1078383.1771367276
323930.9736855528
366187.6316693884
640487.8829846039
1133958.7723762239
1172988.3119556345
925625.5893002949
270284.3190257415
529539.0526302491
1031725.5176427999
230127.8829036609
1416844.8808605813
108173.5699965813
839637.5646599834
966198.6172594713
1106132.0930423946
664986.5861706155
668537.1607912739
374676.7203518289
831003.7189976962
405652.9050185932
550610.6624304701
756073.5406349291
994983.5695077145
886230.6844121374
-42599.1510479178
771100.1190814247
1157770.1887947100
419876.2572375013
928424.0220806429
928607.7879940663
50693.4210686969
971266.3396834658
1388465.3679398051
707273.9578557342
528697.5280900422
500250.0081471689
503933.4051092153
393004.1956087771
1143559.8378764652
495798.5004838611
365720.1381446773
909850.2430166517
700586.8619434979
651083.0908316451
525352.6918598029
198243.3490642256
702605.6318837422
320416.1316482135
34244.1157553041
356661.2253409800
668067.7147593292
776216.8178515034
599368.8573911387
835790.5743569564
418343.9994322649
563461.4932985186
516178.1724479927
894113.5607639800
418344.0186300202
854520.9546786250
1171741.5746442068
889198.3401611877
1244731.5008176179
856465.9259781970
398870.9424273305
886465.3883606931
454176.5113671159
537548.2576198202
1039346.4336753035
933730.8588266895
875538.0058010542
732153.5724028992
876593.5517472251
755656.8300421295
206421.4042474563
818650.3111874441
287911.5299341623
1000188.4240682675
960147.9672245920
231003.8747551801
718725.6206654140
796940.3572140494
930739.8210046596
524534.6462980401
620671.9131105368
396057.5941398462
332488.0939004084
720622.1662195135
248874.2407040859
389616.7490133556
1079393.9793229506
544626.7083566459
461139.7162972327
1224088.7619664588
1088042.0596097619
369705.2565476761
1214386.3749714938
958865.3788277855
1018241.9644265483
-2565.7692392586
1102014.2402918024
1078954.4861520159
574956.1815678289
1048263.4706430964
917602.6536435155
1211364.3213825591
1323014.7671430265
922844.9146970750
313791.1732130162
106588.9595507857
1094776.6299882289
937119.0947475535
400671.8318268127
1290585.8246216464
649769.8954569774
-52588.9430830688
957067.8219680302
399163.2508672917
994817.8647042591
480173.0201847005
934788.8415304829
754693.6258359331
649305.8201624599
343097.8570494137
-28091.4158710298
1065184.2504005323
673316.1631974143
407936.6976877005
418552.6968100116
491925.4915845575
1515986.2751922898
1001869.9448299960
223239.2324873911
222688.3662760385
904611.2733569229
791637.5542905660
717943.7561324636
839335.1532576548
1551312.0160645035
1803860.1838674289
850373.2743931253
1305913.9149353546
1522928.0138369633
1053477.4314962220
1038106.2742227860
1374152.3391471358
370266.7473828641
-53678.7597472785
664813.2972840210
1037292.2951583598
795617.3519204843
843565.8543781033
937347.8845070786
839670.1631413201
1245156.9222604078
1358884.6621301533
1474584.7603971940
1636240.7586272422
1182712.8513497070
697814.0284305258
1318085.7187283938
130305.1070902988
857042.4794295622
1016854.4685044492
293430.1286549094
839652.9386231132
-64558.3508710837
998312.2891648654
1040982.9905360794
1091691.5785417126
858558.0185662517
588194.5327382751
581905.0282328731
468098.9809619855
104814.1821935039
924395.0876412849
523633.5241040824
810318.5031958713
1155799.7893700590
1204304.8415364241
1170458.6543507045
724545.2949072423
856076.6996100260
985483.5117264380
-61085.2802166427
1112718.8607281200
758361.7205464194
1006877.2896971463
1000664.9947047371
847704.8408219424
1036835.6684495177
695044.7122551134
1019836.9868716571
1275588.7715595474
1221514.8493799113
858785.5877208541
976950.0303396484
878064.3961191486
1128977.3971561918
534402.5704258259
1038132.9996292279
630155.4383053724
1005289.6518503543
1638529.7863449417
812829.2994698447
268534.9804860863
1268458.7022519030
276496.2449081176
769324.3658083613
736942.3766321514
1326290.9776421399
1028497.4203047025
1396844.2172343358
1432148.8018329327
194097.9208545475
533616.7988271586
1268411.7051861449
262638.0970162242
1240563.5648990904
731627.0315793245
149637.4154202733
939080.8068881817
1266761.0382539809
990860.1190497580
413808.9037250160
849629.4898390009
390484.8356472230
397829.0614648648
317317.8146315528
1125765.8147442222
590042.4985311207
655285.7309990894
350901.9083503776
637037.7460145925
987694.3013006974
740525.1708707522
798143.1834201142
1347799.4395679224
813172.4481280922
669956.9250875876
398484.9741574996
922589.0641903260
785181.0506162007
301843.8841784129
294653.7387757799
811206.1094539342
1360942.4015696431
1017780.0568020508
1247537.9588214441
906629.5719581976
1362644.2581927802
843623.2497932642
644523.8554672228
-56824.7087722920
1088312.5760476824
882093.2774578281
903379.2741364727
684331.7006479190
977526.9351655811
1249326.8538673697
931490.5057330210
290881.2675196068
763689.8377894714
1364216.5786025347
1198853.5037381214
715142.5069939786
1364216.5840876077
431800.2163494485
804940.3938279506
779111.9080921691
1364216.5895726806
185482.3654791241
967567.0649668863
373430.0521587080
1047862.5607107315
565697.1559063813
1280468.6053265585
677817.0178867730
165529.9066040255
1385785.6130251728
663798.7192864438
560412.2348390446
385879.6293076861
998200.6120251513
369307.9440296349
602257.1224155389
1557244.5326135620
1556931.8850391039
12251.9911585686
515121.9831353040
893029.6972835481
1279460.8413222507
777460.7986312833
717916.6933295461
-56572.4653636143
900865.8350583680
1077807.0019330333
1178227.6139609201
871509.6353016605
530826.1524668046
413111.5801388973
1511558.8780735806
1053638.0054063371
1391207.9532803036
1073449.1888998798
582977.9695552824
584868.0935501771
802379.7819349902
242250.6695752709
826927.5724549216
649593.7262399425
705520.3974232965
787460.8072022236
260764.9566675392
350722.3409878093
488084.4964667777
401887.4195027453
483103.3290500563
740490.4718309118
867923.7095123822
830190.0774388940
551592.7668950526
894728.2251127431
624242.7083642002
658631.1376281638
198414.6065605627
688967.4086751385
50601.4186056240
666240.8511085727
312223.1341221458
532804.6036615328
981566.5261717185
406681.7539618952
699253.4191034519
839952.9961707690
1224438.6184064606
1016469.6106017891
710402.5216228893
1220443.4599257046
1131336.3044246729
-34729.9512737221
581210.1872112177
379180.2101308574
693666.3533361660
1004933.3651529370
885051.5744206664
730612.4692162440
487688.8053779504
487223.4460278165
878898.1692778386
603820.3365331114
-24900.7348538398
762332.1500150146
1266771.0621289222
827175.2393698661
449192.2803961762
559848.8181370604
13853.2649527717
606591.1204104954
1182294.6047543122
1808938.5649907785
473350.3013868051
430868.1991173939
1669719.3835023043
1130131.5525458199
857627.2739452249
781945.5689396911
414579.7881071054
694111.1562354772
848942.3504695790
451744.0580041572
589012.9394375767
178136.4180963276
841120.1646914429
778573.2139729635
860522.7332504354
1245993.1573421659
392333.2832790233
441324.6621864930
307012.2534146525
579277.9513586696
1272097.9762720331
569727.9023885074
535323.5738078725
637420.4857814654
559342.1744167812
835305.0455667485
858568.6506616415
766319.7150975381
377296.4293007304
832964.5778386389
309464.9925093791
845377.8703970396
776512.2912280074
715649.8438718562
713468.2999894539
489489.1683802991
379873.0369332243
790319.9801380771
501326.8209480303
807011.0637606065
758442.2250669990
224832.5292120480
1106542.4461620862
888266.0455867352
1010424.2667826894
3514.0853107622
1137856.1556407600
969683.9297264441
544900.9010827305
501275.5535895838
406871.9621425081
757814.9311240785
1549487.2904321083
1259988.8245226522
1096752.1957933435
950990.6778894418
342980.2867497724
430442.9330091084
230285.6552395978
808613.1107973001
598139.7782093131
1073314.6910095795
997532.3007916879
-7586.9763244573
916358.5293686134
1029985.6946730028
679156.9327076634
316669.7936142297
890076.3066632409
430974.7053948328
347304.5153476652
498612.5287244164
517748.9756788449
736306.7647680502
823363.5541551557
635335.9846408641
1200725.9614909848
887976.9317933853
956122.4730100411
1004511.9859935932
1102218.3230095960
821280.1484860659
367307.6477652820
1138184.7260007074
280648.7123973424
703731.2827208896
446883.0305945781
1285134.6800333811
557689.0820486537
1197488.5793244515
124098.2343829752
751533.6844772977
760753.0832490617
762262.8196296698
617183.0811250514
503841.8563946697
422579.9322554189
759718.5038996097
759718.5038996097
759414.0263407551
759718.7955226549
433157.2410050658
980995.3637213025
984376.8696872765
776347.6234757794
891896.2018586239
1065680.7938839714
368318.9822425535
367824.3898026113
715685.9821019834
162535.0259205877
819871.7574134433
721705.1482052162
929764.0193969456
336680.0817828340
1134742.7095886145
1486331.0436958049
1268297.7678185597
616648.0420868265
418414.2216622208
289121.2080730759
456163.3362816766
280191.1632668491
102876.5599344148
363353.0442634691
1908424.8879021325
53539.5004424751
1154372.8073948678
197646.6765914133
151493.4545070468
45148.9819398757
586462.3456299212
270102.3893163649
1109387.3538012432
188904.2358971683
655509.4290856504
695782.6990674962
788731.0766656246
804158.7736850614
769023.0480661214
1218896.5643178367
379048.8515812617
447284.1152544437
875770.7059237274
612755.7893009952
1212449.7937644911
570721.2323084474
667153.9670164646
1202546.7491697520
410824.1747417635
234946.3288678592
585228.4386017375
1152257.0580380301
865781.6550502988
992472.3997212545
77496.2917270641
832678.4960490989
230690.3371305083
1134377.8979517079
1639829.3747103706
-9934.0432255258
240558.8009172306
1281301.2761033138
1544395.4455693197
1498763.8590032053
404343.4204797861
452255.9522301690
46939.7473083261
975608.0647401566
979024.9142962002
706673.0553349505
282678.4929220952
1159184.8912279936
752661.4105016777
1447572.5702671940
1297792.1678390729
1171673.2540859377
-43231.2641248143
-34957.3857366326
1052553.4563943138
705819.8046207265
586315.1288856895
849946.0452320651
387211.5993032379
800685.1914612214
860300.4107040138
421082.6879228692
422460.6064901291
1460355.7071701270
-28707.0333432364
1290164.8187372370
951306.5114501468
972199.6178849934
220811.1926199831
739070.5338696089
1082867.0301295561
825907.6045270601
391745.1569331810
-27849.8807449473
1436170.6234105011
384097.3455943406
335351.0680721711
390522.0430571782
987857.7575173867
680902.5771351656
667680.3766067361
442035.0950871607
671099.5613133299
636801.9655740658
936215.6512805154
475369.9130035320
752972.8596456887
35719.1171675865
899851.3436479094
934492.2287163101
804914.7134062888
196018.2901281221
210979.8602029466
473552.4129628870
957517.6236938300
296656.9451031451
577462.3218665847
427241.2030644536
233134.7808302232
968892.2131433997
103968.1809847592
1371019.4848406601
1256458.1201102783
189008.1886652109
768376.9268577577
239114.3807252941
918320.6406326154
1096269.7051693087
910136.2968278700
1668313.9392719895
367321.6718685470
916893.4212715612
850993.9936717803
550778.3870797977
802110.6241060435
912445.2153700900
1590339.5086989019
-7427.0271048239
822941.8222950854
1197336.0624674018
527620.8261864173
729955.1989542067
1288173.6225254089
1477150.2731256790
1516503.3973710209
251094.9140574988
775455.1005520596
1021958.1986922087
709898.4540571370
43700.6482789566
134542.8426482015
593873.7710047942
1386197.3373351884
1167493.9368199350
1645491.1505221620
330716.0810433644
16970.0813441111
1482775.5037768183
40703.8897131351
90559.9476000552
709534.1869512138
965216.9666874863
670539.9098410785
1021816.7971918281
757621.0525424258
754780.3591046644
908504.3881134447
1043452.9705905861
438307.2022464277
492647.0536564865
688154.3552458517
522281.9728658134
620591.5491642532
177542.9961896355
375952.3509304128
-21395.7078676835
455968.4834087529
965556.7935012019
983246.4577851079
107427.4174526749
84416.0696929562
-49461.2103269996
326399.2447973947
907851.6704306990
714795.8648443760
1450512.2360868522
1629503.8917168078
164303.1803780618
279541.8179218037
857942.2907229883
1347350.4762721877
823104.5583032531
683777.8418169749
668118.3846815083
602397.4448287175
735359.8333349788
-157.6958608127
403169.3974974742
311681.6382874367
444993.4916577413
351718.2673934410
654000.4591409178
1096132.7395480657
1173764.1789727784
389245.6450637832
39809.3143710264
372520.1530572404
984314.4935271567
737667.3641028627
465995.3034059671
646198.9398970243
641294.1268278905
838745.2758524136
211165.4218153343
586807.0025431569
380716.8294259540
396670.7518296925
722908.5114046818
718678.9709260019
1184503.9637836814
588721.6891185051
1134927.1534627564
238337.3787662352
709527.9853373353
1019539.7993741006
597977.4872457986
715905.7569828718
480531.8514613023
1289328.2121553719
1316352.8747978800
607054.6545082544
550451.2271818573
520080.5486352730
1069312.4714852169
1117297.0738345580
171035.8774891632
757813.0931365973
400568.0357272691
1282480.6137541581
964245.6526863484
111758.6140487958
593237.9669580669
439599.4247983222
325543.2278600347
70925.3630053338
1024305.0689037563
210202.9619513328
160784.9225232877
952621.8848924008
558723.9787538396
1270722.9229533812
592641.5474052272
879499.8587240250
771909.6921769973
270001.6946291075
272811.6447168891
592520.3752867434
982078.0360166723
599488.5731840477
533002.7765535351
686288.4284339075
1133884.7883950504
588315.8916823479
-33848.5080192867
-55314.8413763591
845843.7810414224
862096.0342319913
-58688.6786382557
344455.8277052828
196168.8374907885
75781.5897584042
-57151.5269067617
616282.6167098788
1111839.7594008197
633754.4097650062
848237.7191365724
1068603.7439082044
831906.3288963388
670567.5949924984
373863.8619206380
731135.5420908534
875375.7380986855
517380.2480424251
1147592.9036265833
1080290.3360774654
122856.7099086982
331229.9598398716
640889.0272293190
206499.0426039659
134517.5425880387
1072655.4421827311
351213.7797641740
624377.0753491266
849545.2805099838
465909.8962422033
1167018.4064078648
992781.7516701449
338062.2718301139
725096.5176296507
314903.0544257824
354276.5707812599
550001.9328992736
1319264.3129635507
720445.0783798719
1669597.2749222608
91181.9559031737
668284.6546436701
886375.6975299298
732704.8299411211
933599.8412125794
662708.1479555056
735326.9407193861
710493.3279316285
471192.2910930829
767639.3786712446
900458.4878479270
243423.2519009725
959453.5838549022
657271.5717931555
729339.2439026852
956927.1476908461
537135.0544327654
136179.8623672818
487544.1666870198
545802.9474179945
846339.7856081908
311001.6319679258
809357.9562360721
922988.6084117260
598541.6528286717
576045.7982989859
830376.8588813990
301759.8343131791
934685.4110676192
680712.1849236138
560956.2225252003
726619.4243066781
725584.0336019106
25189.7393809041
487713.3939800768
801060.6489685058
232410.4214583705
379392.5896800793
573291.0673841505
986735.4301808426
291334.3908918997
309187.8886378641
457310.6890517608
529380.9451785864
431351.0110719031
508928.4574808790
391777.3087362619
329812.3295931608
452719.3210318511
475769.6197795579
500585.7150960054
411137.2683378863
-1565.9026776848
433327.9350893355
301217.5882859997
580343.7465131574
838702.2413899429
501993.7292494828
1018211.7645304457
1082143.8935677793
1486971.6209187040
1099038.7715020510
161291.0194330011
1527843.4876374174
1013371.1993034966
184669.8670789150
206807.9327286833
746223.8212565876
924136.9735428520
641696.2042168224
1233506.5238781474
306319.1542978698
944429.0126074976
300733.0997459467
163179.6813391687
718486.4356393252
100331.2442014008
292300.7911489044
1160090.0836341989
767299.1155121980
682462.1704579688
266678.6595606764
164841.0800867608
462327.8580399766
557071.5973731380
701538.4129929510
246165.6414066635
615393.6835787230
585491.9045186804
729284.2977329391
661585.6809925091
279684.4963123237
619324.3338973594
401581.7064509827
410947.2593051038
505920.7875165095
543643.1794601441
576119.9379824069
667240.8173960736
6336.1200797136
1207898.6103078104
193301.4489213917
751163.9849642437
340658.4525719850
723911.4439181062
595210.3320064131
848883.6262898451
1012527.4320128498
1053138.5041723954
833886.2446903874
818832.9656361500
1066128.2985378876
1002371.7511924144
1593858.1429429504
1168442.9621073289
857852.9634902338
1149697.8531342326
-20799.6439460674
970928.3481585252
1265478.9248846394
1071604.3624113654
1191514.3439900789
586679.7363142516
1597665.4772524843
-15823.6126459431
856871.4480603003
1218992.7529099146
438732.3499149128
633686.0970350711
822139.7875096434
1111600.7272514647
328672.4970386285
278444.1212112321
1010288.6711533212
575913.0765000323
776093.3821604495
1695379.5119793373
1103222.2741458467
1696405.6256798650
986748.9090130988
-50997.1724793144
546700.1216606466
720237.3705681596
421186.7395802616
605035.8506327424
-43949.9805210596
1903929.3022025125
1128557.9044269046
1151837.6871494281
978779.3586104970
39214.2257909394
57043.3325881384
545665.6816143725
1191312.0304683968
907469.5556209346
1675188.7053913085
1009924.8209015323
992078.5016840560
141204.8147499257
118829.4144366336
1007119.5994477144
1004127.5569035053
219270.5971892477
653369.5103243844
864727.1965007761
422610.9756291118
514762.4725086854
946606.8135730103
1438210.9886718085
1039227.5083175719
1046537.6001707226
1347927.0469009778
344.2195983436
504773.2339127636
1430319.0506906614
1338255.3264614388
920241.8105839549
-25494.2591553765
1050417.5022053111
770271.9418404312
807031.0521393272
845774.1609088384
478951.9182028121
628770.7079060058
251814.1728340705
682360.8347805479
914758.4860480973
841110.0754222532
1267817.6155466037
684698.5097168942
262423.8787264100
650367.4040687444
120313.0383690323
968972.5434881389
760086.2825631648
1503981.7610499787
88331.0196352902
407106.7828736759
299628.1855139787
827135.7201038328
42429.6175834501
863921.7124303463
911217.7936876938
107574.3170533094
-74384.8295038491
116060.5915888354
885157.6148438745
944206.6629329007
870194.4805854169
705857.6332888095
971845.0206636832
1073656.2504906335
709748.5290941690
587978.0615521109
891951.9978634809
142994.0661960071
22121.6063426956
961952.3950098004
45003.8631002552
1111400.7240829319
424987.9374739790
1138905.7031847991
1403180.9765450838
278952.7942801011
559688.6651335021
202317.4856846297
95304.1006993619
409546.9886336929
708185.4811995718
803168.9902490614
390782.4068975126
512400.6238200557
1774808.6072069735
215756.1648869769
705011.0316677761
942987.3420241800
601998.4001427107
842224.0376564424
451403.1034005324
688319.3756795421
567551.3521144865
1177490.7240438808
891681.1972739768
761695.3887017805
302046.9787649978
322115.0627412768
845872.8031374627
999415.2533615312
539479.3430148335
311207.4699731981
325435.5097923515
1005053.8708856883
634911.5721318856
386242.3471358047
505581.2431359784
827583.7963332897
1502316.0402349969
337767.6777884364
837692.0059720795
978705.8188891375
649775.5510290614
632838.8356313637
838775.1427392439
751685.5169919865
197687.5746049879
-2532.3527449665
-48371.3151311452
440758.2062850739
720033.7670114158
60153.9159394674
1203953.9611287969
1298222.5431111262
1045436.0501054943
397858.1425036829
286394.2613672194
1189611.8512279058
1007934.8106868758
1158196.0462724837
977870.0628489225
1158196.0462724837
603932.9107656053
855320.6123706643
964020.7561203379
791113.3552361287
707920.4440521789
692549.6464040390
114168.3849668060
43832.9858328963
237180.5370395685
1582877.7332697227
1649772.4621585722
567395.3745648563
128245.5891523463
919844.4785447259
1010132.3588351111
1408492.0615725054
909614.5701294232
750850.2935095209
946153.7988986446
1631072.9429374854
970999.3856677186
972514.4719887605
844413.7630618507
1452506.5545136486
1232962.4173926031
746565.6281905203
1253710.2252329707
1509442.1826641504
1271297.1838529250
441712.7192856351
1208203.0005450894
456037.4091510256
937971.7420994034
1330402.7665836783
1096630.5460749359
1038822.8296793784
846519.9852069140
1075332.0701476557
79321.8126404467
634458.3372370236
751512.8722086782
982687.2232634251
1272154.1825386984
1331076.6523148203
1047713.6659772140
1210286.2891797265
1208474.3961878247
872314.1208536773
1181318.0329793533
1293346.0826924760
1356694.3342691846
1040047.2124031882
996410.9299942253
945440.1563647526
1195478.7452278822
1295449.5231839893
1292466.7749850017
762809.5423591319
1166712.8616250299
1118315.5763415105
1368512.1355493250
807610.2852955407
1223672.6951994004
1001477.4660846879
847436.6991736874
1184834.2267653188
1031641.4060693687
1038963.9171697424
892883.0831150616
185893.8166705169
196476.4212466007
1088431.8211100488
500498.8354385434
1013073.9187903946
351186.4963246397
652092.7047896159
966739.3265526400
466596.0319011950
334407.1128624802
-26518.3132435528
641069.1721672152
513153.4790667770
522235.0322463318
437917.9860046874
746296.9327154118
293913.3973938287
505389.9427690888
1069425.1481789234
311178.4709672060
878812.6584313320
300435.1093503136
41849.0247635275
857451.4633083992
1386665.5874620737
656685.0465514835
1251243.5740797971
1248436.8935222146
279275.5686720178
486247.2459144676
587775.1635806661
513072.0310820415
58568.6115625926
1428367.1673708067
937493.7376752798
1188000.5031770719
1198959.2967033957
1284159.2718977379
1032866.6502107547
934716.5249852452
744702.5484090337
739033.3207678836
1223397.9410330106
737773.2819870517
668377.6177797184
750774.4357217385
752363.1502585082
1159157.1256403800
280094.9166234330
815817.1609640445
177021.0755188123
737561.7945213100
665140.0118213440
397837.7302723371
747944.0996616342
169473.6983049703
311419.0898463039
993064.5112773377
318944.3563779726
752258.4424267991
708537.0186020189
699384.1807816146
428167.8154651968
1418476.1879662347
1586140.8396945377
1504116.6805446199
7268.5554492451
1430852.3857153261
1576518.3121572884
1567520.9402134647
697155.6778621128
1386221.0165097546
1591418.4595270485
1656365.7200514588
-93811.5471004140
636803.8700530118
382831.6791713589
969599.7430596028
192953.4926788033
615611.5908066552
100692.7478599750
510756.3388098074
945672.2586690532
384835.9586889230
1344355.7490341743
809919.1287514704
563708.6871278145
647336.4963647263
1759912.6955492485
735288.3858599786
679995.9097084877
516542.8799363530
307896.3631151832
156079.1105688929
285640.9111933974
1719308.7781424192
506281.3873203707
598925.7245393791
88939.0761975035
271852.4690976182
580575.7114465941
624913.9461350119
816174.1332730748
443131.0331364960
1072142.1849957113
305774.0458302551
218254.7438939569
537101.2013110535
727405.7646920262
684454.4649830757
748033.0934942390
599614.3033373201
346737.9230373229
842763.4030381488
973415.6898447702
966922.7013207430
788388.3648154901
1106087.5162256747
945221.3657138138
1296870.2276855048
1021618.9598761861
669091.6407297900
834159.4130643343
909411.9237043535
914096.1034707796
511517.8485654133
653100.1424566830
823046.3530542993
670152.5826693659
667305.1607515458
29407.1417087862
751646.2999876897
169689.2362785043
920605.3935581653
775523.7379005809
1104334.7671738418
864699.2073032770
920467.7631700089
723954.2931573045
961986.8257405059
406622.1954430348
416378.8543313018
1368336.7293945425
252760.7496992578
1231339.3596964872
340940.3923793194
489918.2889954615
1272607.5663811429
422215.5064543231
1506888.3392739939
824297.6814019593
734620.3873567805
1091109.1016860311
3394.3286495901
25626.8084654795
1155633.2249664371
1759142.9991934767
28227.2884298831
947573.5189833927
77780.7731124739
596373.3748882214
585794.3828680132
719813.2030265702
589178.1818086952
111610.5768084241
1468937.9159014206
454955.7768412299
1134433.0601763816
848228.7652470560
946581.8341533019
1400151.5662579527
583642.3712952047
615694.4491356363
1007055.7793497095
546738.1413223479
470237.2633844905
902149.8447562858
617385.7634142032
1368287.9197850917
1270749.3298295164
1311406.6758098630
-7547.9316410448
232331.8896960152
713066.3023152539
789985.4675286728
795692.4402760807
633828.7385965514
1717990.0115986862
232155.0800255713
265489.9561356466
463871.9805909965
478610.4774647160
440280.9697628173
262220.3001839738
370733.9006236407
1381084.8564530346
1134387.7199699034
1329119.6914645913
562885.5832182708
904039.9336533693
638514.7200774890
290075.2158057953
503279.4578596732
932587.7695573390
1030778.5609354044
1212241.3573855658
856994.7548442999
556574.7790614887
3818.6257213615
1112270.9551644288
755144.1518429434
689091.4049698107
900871.6605629680
1037827.4193681945
706026.7259214018
650227.8261464328
549303.4877933696
755333.6857554687
1684455.8815947955
1495147.5880791212
1077943.4416564405
1386180.7640265485
941415.1986333467
1007277.4832194992
926481.0901908737
920447.6658168068
996317.8627660627
970001.3974457865
1196260.5093544619
612931.1621916601
784352.3468155821
394490.6232439544
-1099.0611564679
69942.0367457354
981542.0859606336
-28542.4332144788
11320.8504550262
909201.9102165439
300016.6275681526
-42316.8430138517
819121.2630570708
378050.1736270078
350255.0260403907
632546.0382785415
1082356.2670573487
1013695.8478801063
1140150.8750869094
1099697.2511993130
1286071.3072264418
464117.6841809495
853852.2403116315
615342.8829290718
552732.4900537987
249285.5053017997
378527.4234761605
338905.2995560956
824057.9720927288
351530.0100141832
954568.6608005571
775230.9383790352
460738.2282808548
360823.4187285137
217249.6041062650
680638.0373737563
496978.0998827524
279187.4263569791
735544.2529303536
1068145.2878230293
428742.2780685542
745970.7741341539
507.5566351534
300944.9636035589
554122.0960199073
1261060.7953914290
876944.6031073323
1032495.0002795616
725438.4866300513
665889.9355807605
504655.0677275836
867198.2680070469
687056.6298697771
889653.6093508125
900317.4828743445
880622.7151312350
571011.8412775260
967406.9760489978
326740.0511957586
976124.1570947537
391743.5801327393
587761.6346305307
378893.7295088376
334545.5187336836
602018.5184487000
862536.7893393346
619091.6374794678
921764.0169613448
1039935.6066584083
966530.0465314242
92320.3427932027
378630.6528681008
967388.5409299335
974932.1423917272
562425.8673880670
947370.1973578517
920395.9211584983
1212025.8340022671
950356.0147049950
955181.8278371515
889533.1256420534
600076.2930035442
1185820.2045022598
1101277.0823498825
589573.8584610615
852901.8440762302
1054014.0623054842
1301398.6501353872
585778.6047509236
680724.2547440582
255674.2723778299
1093242.2719817599
843297.2395451970
875519.4272383780
1045891.2662469461
176093.1131015940
1749290.8127528459
776550.3264622078
1017728.2686699704
859859.5115540591
336703.2776331632
659692.0304967121
68634.8971949235
1007571.0925397765
258883.5721094679
252386.9548271374
511588.9408749299
826948.0713136043
1582571.1997827659
857058.3636822553
711302.5672909244
130468.2604615362
1374895.5982573587
1818605.4468514416
-88876.5028159177
223568.9146846263
129079.7813841684
1194695.2431775932
778273.3161100399
268801.9821622717
1063381.8803321442
38126.8648304298
1076488.1820274009
862572.1547941824
1632046.6508204124
543727.5902150284
479370.7677519221
362907.4615564863
1904727.5312325126
270562.4753246793
790437.3836188529
1068575.0430033670
1099261.8351937537
705196.1257379693
902871.5151410584
603191.9765816130
78384.0102810135
626089.9666858503
557582.0011245976
557162.0908468402
716672.2670429514
679397.7152855274
787826.0834994116
448397.3989560835
580907.2012964875
520295.1919947179
1100551.3504956088
111828.2587294011
762643.3720001767
305839.8414139684
1337667.1384858645
803256.0133692122
1064230.1498344291
1032724.2527080431
1150801.3949998557
-54918.6859098398
1612898.7164098220
1048081.5422525015
1497486.4464770588
566435.9916813490
360981.5638870486
1178244.6503309521
-24147.0748051280
1041319.9864296158
1264082.5799034415
-83150.1847116373
1244668.5517180609
411190.6867183956
638247.7886983244
655536.9503493337
546163.7260349715
-35237.1217508522
564913.2187472873
540717.0306209324
-25040.1669887591
1095138.6255135424
481652.5762224682
222853.8546888345
-81187.3499672339
817429.9701122752
9439.1633964707
1091891.2926147308
1013493.5903815738
1094258.2383685345
171064.4315367422
481811.6138578865
1016947.7475580173
971069.8459420021
-85894.9186056184
-88978.8504388582
778893.8974038959
799971.3727983731
606634.6786700911
358468.6477484614
717330.4035617822
897777.4451607605
290274.2560411186
880715.2937261473
565825.2719690909
803136.6487524635
1027517.3327414696
457648.8805432559
912680.6819842554
714165.6800292630
356394.0761882810
75910.0293923948
204698.7689615383
836892.1014893882
629072.9158286564
1086548.0530070150
911412.0569860244
1544711.9234072862
802385.4532110146
9997.0996633108
514092.4818472944
987895.6594894924
-67142.1864844099
1005960.5601183752
54650.6923501736
1082304.5796663640
220121.7723536053
449764.4600606014
178522.1347248397
-40974.3388689497
242423.6916553011
1482235.8995971279
-57508.7934365262
898545.6143307483
1296975.4640563077
896561.8340162857
-6264.8896410818
1164331.8650561527
586530.3242713743
442146.0747359730
284948.3340324879
455547.7108071834
864449.4571322093
197917.6673758587
285960.3843650342
1077682.5629333702
1144310.7493896170
1483807.7028810743
550906.8545863834
1410557.1440244662
429966.6166071183
795837.4783772748
840431.3891776560
841706.1020697309
670579.1299712478
1008432.2445038097
940205.6424196861
968179.7881674555
434107.6874029504
1260986.5934156133
36333.7133180676
945330.9776806353
993790.3266867248
940649.5055888062
780064.7836906681
963910.6109835549
1110818.0533840458
827771.3783567414
1124001.2484271668
1085758.0645880585
357131.0517188890
1137150.3685553661
706122.3816811137
1207226.7594287370
1004849.2696125550
874708.8601202520
294850.9011716364
310399.3021330333
538778.8787354175
1133112.0376866842
1381008.9716642920
1214345.9551349659
735783.4527832535
1196877.4711827135
544886.3218292231
158946.5257800653
517956.8369216556
560912.6257228312
348462.9030109359
1028559.7103020985
763869.3217497945
560912.6257228312
560912.6257228312
560912.6257228312
1163347.3641971559
1261521.1379800562
286812.1372250291
890234.2987828429
472142.9378150807
1271743.7883826301
1184953.5939472585
596072.9226617077
953046.4175009913
865012.4153774583
1035473.7239174207
1213217.5678438039
1144582.1288822421
1138674.3073416739
1128666.6505279425
990346.9089166861
1178874.8813652880
1050841.6144067114
886330.2018100441
783868.4265427203
976616.1212301448
678638.6244986492
1086133.8023533544
1207712.4044902995
1033287.3751357385
1050798.3472312526
1738036.2130188928
1298749.4574197521
563565.9993113391
1321496.5370556682
660140.7674674362
1036013.6665675022
1036250.1747041076
353594.5588019603
847047.2288661774
832332.5823478695
1055087.3647501389
1050026.6414143229
226327.7221623409
933814.5551511388
1002791.3317541586
254466.2073863895
565623.2298271405
721579.1988227078
382646.7753123520
668806.7285833840
491348.9208521934
190850.5269934566
505722.9333977549
1002461.0130236325
589508.0705596820
413569.7890487962
-8444.8466092024
156500.4079014790
638593.4693316378
1290627.4617057112
997487.2343868699
1426016.0021104598
1171182.5821189955
1622480.3568302665
499536.4184510852
-859.9042079974
108011.4255735544
35500.8362691865
831795.3865976961
1567472.6805871206
1042957.8964021326
634140.5942087914
45259.1958853154
1264508.9256559799
258252.9214235720
1468982.0267393452
535149.8075083252
395693.2438123214
613518.8315011909
1019673.1376193195
531720.9645462515
1305670.2252438604
1073268.7299995178
708857.6624105342
943333.5866757239
1133401.7230355092
1410824.9309008222
1052758.1137211844
1054445.0520247621
871995.8950063516
932062.2849452520
827310.1585069159
1203129.4764093277
859045.7519735887
1224867.4921915974
1206572.2119284996
1200214.6589703425
1160843.2770434630
1211411.8569956599
1199845.9925558979
503913.8069241357
1474381.8366645135
801115.6253297052
683223.1079208652
117716.2045371368
148032.6201229846
50846.3863169784
613557.8357256283
137101.9759499954
282269.6740851222
888762.4138922084
626734.0560897611
364735.7363564809
1456125.9362971492
1066319.6456048363
44875.0476135019
1124234.2350538138
1017490.7366334852
611216.8825258375
1339852.7354294197
1082170.4614922958
1031997.4534012360
1033767.3795504135
781732.1103293247
153899.7558350387
655759.1043511464
982459.9770883662
1158882.4811032861
1070689.8986909532
1013894.1457299792
756226.9254674157
752586.2247090447
792405.7050517473
394041.3178162706
1212827.9279911115
974402.7620273613
1062006.8654723812
856521.9606594585
1018495.7552109746
995260.2585632650
616247.2791938057
15041.7306126640
1540058.0843017560
868316.1938028816
1805423.0084012670
923004.6240102229
1405026.9741929383
342728.4064481846
-46144.1560074233
52804.0124841949
113102.2514951542
916733.1685587619
125697.7418668999
905010.0620625027
1165277.2947623054
1458788.9410231740
-6414.2268664097
1112129.7213612858
407628.6751539765
1075578.7159143609
1859465.2800383552
648386.0374907996
454987.7873159624
669826.7817991630
395808.1889888767
1250530.3043550993
813073.1156207962
1105361.1621219274
987414.9492014715
1119865.5732381223
908853.4019367035
1334446.0427836105
1290567.3299097894
767635.1056666088
802952.1770056203
25676.0354962600
859498.2114515876
569538.0009888848
987522.8253217320
960156.3631137261
381445.6520928183
1132666.4772738719
864378.2847145153
256551.0744259572
1093232.5805568916
1022753.7377049808
620653.9630143634
796201.6179482306
958908.3185739594
1489498.9462894304
890030.8394365575
1258249.5337260237
625854.7442677732
251692.8722677223
977799.7677055817
929621.8949749569
713749.6169349025
600164.7406927894
783345.5465901332
1078614.9736293894
167085.7754164358
960413.2090219212
-16427.4855907934
948520.0271718823
551090.9935925523
1145566.6505796160
478377.3395192326
423500.0111324693
228914.5629727203
1022675.9825149520
1657269.3849690543
1373663.2245545364
1319210.2808039743
278780.5743085381
171725.3512020574
343056.7987982720
534671.8066125899
1661312.4197422802
1140975.1471235615
1190680.2796071987
105013.0789902478
422290.4263623020
274722.4820865144
383531.2177364577
1733239.9902346225
1055865.8838799794
1145519.2312995731
305191.6855316001
491791.5681580213
26937.2906779669
562507.0447262132
166938.5928840429
1057168.7613431795
605822.6637808081
766896.1248130600
268641.4999381240
288683.7966136456
779953.7572871610
431245.2749232962
165855.7206299785
911890.7908782883
914887.5296594657
1024644.2854207602
274586.5121116125
498324.0308854528
778036.7191514374
522545.1140859565
1707114.2671300874
1758261.9153677155
-38188.2829661140
417192.8803815944
333173.7164037537
664131.1622741302
980021.4214157374
