0.38894232
0.41039775
0.13089101
0.29649081
0.30829856
0.40630867
0.39095283
0.19794261
0.33836234
0.32241214
0.32883205
0.48753989
0.026411931
0.03367149
0.12805873
0.22624323
0.23129396
0.15293666
0.32231151
0.074806784
0.1799924
0.085858282
0.35920699
0.28459079
0.63159629
0.067723758
0.27585933
0.064724282
0.51933614
0.22193824
0.11303852
0.22964239
0.46061025
0.84217227
0.66712827
0.25800464
0.28341694
0.28228213
0.29072635
0.63563437
0.18725987
0.353747
0.66096128
0.25622459
0.37089514
0.25324477
0.24373251
0.072395439
0.47430023
0.47024524
0.36509199
0.43384836
0.45303475
0.53572461
0.13124484
0.095601532
0.37280763
0.33276382
0.81114828
0.48005181
0.51103958
0.61423469
0.58868733
0.74895838
0.18210555
0.081430869
0.90095878
0.84612157
0.28755088
0.85811498
0.56457244
0.13819312
0.53304033
0.087224136
0.50878736
0.42712538
0.35334569
0.73311572
0.38021364
0.22981453
0.20159671
0.3095096
0.190672
0.34418547
0.15776161
0.49989219
0.49861915
0.42722595
0.55679851
0.72233127
0.30746869
0.46620479
0.35228599
0.37710024
0.43384848
0.73650602
0.099755015
0.12993962
0.55387147
0.41966647
0.39772525
0.58623584
0.51758676
0.51800066
0.41488036
0.2494538
0.4104589
0.72347828
0.6191503
0.2493685
0.21953376
0.22242469
0.22430129
0.35137327
0.18765083
0.55912465
0.39052043
-0.007388551
0.32394355
0.3500893
0.38572654
0.1859003
0.36926311
0.13317582
0.40303122
0.38837631
0.12275932
0.5806841
0.79560812
0.037593496
0.37125681
0.15771992
0.61729004
0.38566343
0.59125989
0.089769649
-0.018729974
0.14151781
0.6693201
1.1291405
0.2271859
0.70838663
0.90488526
0.012582993
0.29906779
0.6493001
0.26203216
0.1972617
0.13809725
0.68525835
0.032689256
0.27053191
0.17325827
0.48023183
0.1891268
0.26714307
0.27681341
0.34464341
0.2350183
0.31435475
0.15829758
0.30219166
0.29231484
0.28719059
0.33418237
0.30034065
0.52152623
0.55445274
0.56655226
0.71791028
0.377837
0.3471305
0.52749724
0.85149384
0.39520439
0.38831201
0.67426688
0.70229999
0.85149257
0.47954431
0.019795383
0.3592487
0.33885268
0.31381901
0.32030756
0.17770636
0.18940302
0.35153561
0.091602552
0.27908798
0.48074738
0.63903717
0.58092148
-0.0077430159
0.56487342
0.13177944
0.14690881
0.54419838
0.48265127
0.19741199
0.27233112
0.19500188
0.22876497
0.0089633893
0.74832542
0.079652896
0.33887149
0.32629337
0.51347822
0.2024926
0.52584143
0.72683755
0.13960074
0.60411713
0.3277977
0.20536502
0.43139308
0.47550817
0.49011199
0.18439525
0.35607535
0.63348801
0.47067249
0.95314381
0.082442539
0.33054852
0.2914412
1.0721116
0.35861326
0.62481189
0.91200279
0.075266295
0.28151371
0.29434023
0.4135942
0.10684028
0.29361824
0.18580832
0.14629508
0.28944935
0.086107008
0.12335934
0.5853731
0.3453974
0.38657616
0.4007372
0.041314798
0.94786825
0.64681211
0.30812063
0.0045530609
0.57721267
0.30494554
0.53753475
0.13408906
0.41638636
0.15143718
0.38749347
0.52991493
0.32312172
0.306984
0.83203714
0.30103369
0.24735281
0.41211313
0.063092487
0.20302489
0.7126677
0.60702729
0.35840528
0.3309911
0.38241598
0.25876194
0.38848973
0.40107883
0.43983874
0.36648916
0.48793898
0.025883962
0.36504038
0.22872834
0.38841914
0.12233538
0.75364762
0.45053352
0.81441779
0.093590717
0.53263989
0.37778521
0.2836153
0.30760302
0.64798162
0.42508888
1.2325598
0.001703393
1.0250543
0.35910898
0.21481466
0.22002474
0.12827579
0.16343041
0.25051675
0.15014681
0.36159287
0.31387351
0.81232002
0.24031615
0.38854129
0.65646161
0.69417227
1.1585968
0.023748923
0.29940466
0.53181628
0.20748854
1.0756067
0.46269487
0.47584688
0.30609401
0.6854443
0.17123146
0.25452961
0.27782797
0.66077253
1.1417209
0.48721273
0.86441273
0.61718429
0.83298279
0.14346355
0.15240482
0.09337126
0.32123701
0.86742839
0.80161987
0.32640799
-0.0091768735
0.01948195
0.19165642
0.34394413
0.91354461
0.045167531
0.32151948
0.21186862
0.016625238
0.92258219
0.55848317
0.25410161
0.55998916
0.53194145
0.31734768
0.14036621
1.1648417
0.63864625
0.12150704
0.71076094
0.38552929
0.14794059
0.47329756
0.058457379
0.41316364
0.39801263
0.42848514
0.27165109
0.050157387
0.35438251
0.27666474
0.68291265
0.73762057
0.71056872
0.10965125
0.034774675
0.42002743
0.23145652
0.033833339
0.33859305
0.36602074
0.31236643
0.97266669
0.55354645
0.39569775
0.18244136
0.8854078
0.33737927
0.42536899
0.42376809
0.53755992
0.23999712
0.1870099
0.56577236
0.33901155
0.51099927
0.2479359
0.50640289
0.3799459
0.31089554
0.22726082
0.0006371112
0.75686216
0.41692411
0.1142634
0.56731216
0.51704555
0.3403382
0.74112126
0.40917936
0.88469236
0.7841141
0.099399698
0.29371298
0.36827962
0.11839434
0.38755884
0.60702628
0.72589512
0.2968757
0.40827216
0.19450628
0.33965033
0.75540499
0.20218704
0.44121012
0.32417261
0.39238081
0.096826665
0.18931848
0.70679292
0.76313135
0.050051432
0.34914032
0.51537331
0.44769747
0.56029438
0.22311788
0.45985372
0.37739962
0.49314656
0.602189
0.29648913
0.76735319
0.39585964
0.4940807
0.32786044
0.37445344
0.33817133
0.30188072
0.39739929
0.58021824
0.45631618
0.36925358
0.15315242
0.41847334
0.34321657
0.73438359
0.05006158
0.37000118
0.33845596
0.35374203
0.46461029
0.43912292
0.33779697
0.69296073
0.22519808
0.5593681
0.40347047
0.13565971
0.13659382
0.099217758
0.23881268
0.090031619
0.27935069
0.66888906
0.24088939
0.14620641
0.39892121
0.34379845
0.27541002
0.24221766
0.25149457
0.40926068
1.0488267
0.031337041
0.36552911
0.21621765
0.74228326
0.81013491
0.22284525
0.67215552
0.11669961
0.58660955
0.27002666
0.43170079
0.16858355
0.015667644
0.036537934
0.08809463
0.33770518
0.27060898
0.13882992
0.27758214
0.42769623
0.25259341
0.1793463
0.31830162
0.12150505
1.063305
0.25332804
0.036227324
0.0020822529
0.052790409
0.099599662
0.346911
0.36548177
0.44696273
0.28688249
0.17286945
0.15309182
0.33772112
0.53231883
0.053601559
0.36055093
0.49452562
0.61095469
0.99250271
-0.0041225586
0.65929553
0.34308222
0.99250425
0.78763505
0.43233902
0.45218112
0.557688
0.21093503
0.5987216
0.42814522
0.45077095
0.49648096
0.27589895
0.33644956
0.39671585
0.41302041
0.29417446
0.26395517
0.021000238
0.43528272
0.38962338
0.39280627
0.4485526
0.23507866
0.47760894
0.56793012
0.31679667
0.30068489
0.25926867
0.4708097
0.404901
0.27496202
0.25710329
0.38074976
0.4614302
0.30175669
0.30986614
0.10103108
0.36226552
0.35563763
0.2121593
0.23559214
0.81622146
0.17783477
0.23422323
0.10528765
0.12003571
0.017901306
0.07812819
1.0535621
0.47301473
0.26342464
0.31383373
0.083150228
0.46184817
0.35461081
0.67052286
0.45664872
-0.01775959
0.22412829
0.084537955
0.75922388
0.18020969
0.87822431
0.41600942
0.35380588
0.37525368
0.45679415
0.65007294
0.092905702
0.22409252
0.48828862
0.59933309
0.4317956
0.23353879
0.48381451
0.052162074
0.4164744
0.39152313
0.36669597
0.16312873
0.30134296
0.47548251
0.43622542
0.31667194
0.5363872
0.35415272
0.58174897
0.47434247
0.31978946
0.15721739
0.3233348
0.14368576
0.61229488
0.49714033
0.35075182
0.65531122
0.60339774
0.37880333
0.32501547
0.50253577
0.82881466
0.03859635
0.52649988
0.27127894
0.58068909
0.47226782
0.42555735
0.17791599
0.24558284
0.29483341
0.33134094
0.52597519
0.58937177
0.56836282
0.53879351
0.40817787
0.39788012
0.59725624
0.31779854
0.21750443
0.31727758
0.56570566
0.56790746
0.65975602
0.36973522
0.39938063
0.86322183
0.71058984
0.51695365
0.075460057
0.38960982
0.2726523
0.56538303
0.34322889
0.42574307
0.6456854
0.42452706
0.42424358
0.32930097
0.26605286
0.8224527
0.68536931
0.93213767
-0.031501078
0.8430073
0.68435607
0.76728248
0.66125135
0.078153029
0.49199594
0.23533554
0.47190712
0.62575036
0.43153119
0.42343339
0.13439789
0.51743156
0.8569468
0.38185184
0.39668423
0.49560762
0.41725114
0.33477996
0.41231033
1.0600458
0.62543315
0.033628105
0.41335093
0.28698085
0.11304921
0.44347128
0.19143968
-0.029163602
0.46276076
1.1067573
0.61978704
0.71844409
0.78744475
0.43953135
0.50709017
0.85180102
0.47514822
-0.015648122
0.44278291
0.53234999
0.084852191
0.42969525
0.48428719
0.92413438
0.37955057
0.49147637
0.33911855
0.50688713
0.016990866
0.24816945
0.089641115
0.078844772
0.03845896
0.034151349
0.25721782
0.022220233
0.24703571
-0.021018391
0.26602062
0.081415231
0.43034247
0.084295097
0.15918037
-0.016380346
0.27387784
0.40577846
0.025455523
0.032823686
0.46851439
0.043883663
0.031661575
0.33484073
0.514667
0.39656313
0.65737877
0.33449887
0.77037728
0.73476551
0.045788903
0.14581763
0.29579448
0.1014604
0.32319396
0.37569305
0.56372085
0.12795492
0.45300277
0.37854719
0.32637994
0.23053266
0.3101573
0.33703276
0.73541053
0.43065525
0.176106
0.14604944
0.15680795
0.49099401
0.041564013
0.41325787
0.49909828
0.21064315
0.21309274
0.29794722
0.063664136
0.24051484
0.33324767
0.30832526
0.29650311
0.43356365
1.0517439
0.77787784
0.14970504
0.49062068
0.18744966
0.55876353
0.42638874
0.35340645
0.32405462
0.31540411
0.61040783
0.33349976
0.37222673
0.43294235
0.75862359
0.40166984
0.70669483
0.35038009
0.24775881
0.17739676
0.41863326
0.61689826
0.22974709
0.24392999
0.20036422
0.64734012
0.43999671
0.55915563
0.82588328
0.42485052
0.57329665
0.92022217
0.83542377
0.2705975
0.46982626
0.32181058
0.43303843
0.239114
0.55010571
0.59072353
0.60538771
0.23927525
0.53450199
0.57557126
0.41388507
0.071945394
0.35439953
0.44068083
0.45798554
0.47032539
0.22630552
0.0026557487
0.090541379
0.79572025
0.86461761
1.0874394
0.79120405
0.53201185
0.42318236
0.27297678
0.36694942
0.56703613
0.32977843
0.54141701
0.52308304
0.41772615
0.20733036
0.42920312
0.45130672
0.44962452
0.44962452
0.45028725
0.44946871
0.45046565
0.50836168
0.36750049
0.15514049
0.46819306
0.12026717
0.64814456
0.027173687
0.41049273
0.56101373
0.17294374
0.10500029
0.38642156
0.27712209
0.27531042
0.48746604
0.29268878
0.44736347
0.27954515
0.67110817
0.90819007
0.4022456
0.23893647
0.4717546
0.548916
0.5122269
0.40383193
0.11890534
0.64942137
0.38607458
0.46801051
0.43982999
0.46805049
0.25188766
0.33255502
0.17521872
0.40749279
0.46480831
0.13376372
0.16775869
0.18276881
0.27950408
0.39052203
0.88097661
0.047628001
0.43442677
0.64101981
0.38258196
0.75318046
0.82926589
0.72732807
0.65253343
0.44259028
0.62997076
0.022671478
0.20835223
0.0071483121
0.18397267
0.0093063137
0.35150179
0.23637601
0.59134369
0.40573252
0.047553309
0.18323918
1.0626403
0.56276566
0.5144491
0.003318896
0.42858659
0.39812412
0.27137012
0.91215304
0.30654995
0.40164172
0.031471273
1.0191664
0.85412464
0.45904993
0.40593184
0.41033153
0.043868771
0.71712789
0.21650777
0.51326157
0.46115081
0.6745909
0.9301762
0.74789376
0.60672864
0.78190152
0.17517232
0.12184411
0.33488664
0.1093229
0.35238583
0.57016441
0.7109612
0.44624753
0.40305413
0.41623012
0.25134684
0.35972154
0.44543372
0.33556674
0.61987965
0.5992601
0.55862324
0.52994478
0.58543493
0.16295835
0.069842149
0.022231618
0.73904337
0.58723579
0.31480484
0.37936858
0.088560766
0.5130131
0.32036256
0.3019632
0.47757451
0.23416446
0.39853572
0.37141412
0.076490936
0.54242928
0.42386239
0.74102638
0.26272592
0.46567175
0.18813745
0.0096918178
0.13049247
0.90673987
0.24741737
-0.027053516
0.41076319
0.56253248
0.38028301
0.89801795
0.16847983
0.10144814
0.12445764
0.024389845
0.0078673923
0.30223986
0.54947208
0.38268313
0.11317611
0.06558777
0.70652368
0.47219009
0.65950885
0.29404454
0.010048291
0.37760654
0.33774675
0.13038294
0.058749812
0.15348521
0.37542538
0.39465722
0.15926426
0.34917589
0.48102571
0.45714387
0.21416638
0.65898696
0.27295689
0.41356333
0.31640716
0.18820215
0.26511371
0.46883991
0.19789687
0.079949938
0.64529919
0.21475006
0.34280444
0.38200647
0.6663591
0.59911573
0.56517302
0.20029835
0.61934075
0.22147981
0.41691282
0.2511573
0.17390745
0.27527932
0.54236477
0.94302765
0.25930404
0.5954007
0.33063998
0.73536889
0.33439152
0.20132846
0.22939812
0.36199389
0.46621374
0.59535978
0.80302415
0.47525782
0.55809045
0.75001119
0.42027678
0.26959741
0.79202954
0.34087287
0.43310138
0.67107639
0.25657505
0.39094438
0.39140387
0.23942842
0.37918578
0.18931707
0.44429632
0.28633045
0.3870606
0.48068635
0.99618616
0.21219036
0.31627616
0.54470521
0.35235527
1.0131544
0.26655923
0.039183167
0.37666061
0.17644175
0.81509116
0.26604657
0.33810795
0.0056992932
0.64453532
0.77082895
0.071165486
0.28680299
0.28666726
0.37409679
0.067978932
0.47680069
0.97293252
0.41416011
0.081326743
0.29415757
0.44002969
0.43964184
0.055282194
0.049098479
0.084212449
0.29458375
0.33205084
0.061756581
0.63063893
0.060895951
0.76684086
0.28446581
0.76235356
0.54567457
0.17720178
0.36894265
0.11529271
0.063797126
0.94789757
0.08424824
0.44961055
0.46918797
0.084042888
0.73063367
0.58640748
0.98059542
0.25093114
1.0131563
0.81851891
0.3524701
0.38696877
1.1155411
0.45524524
0.49447255
0.35718773
0.075879905
0.61749295
0.53987361
0.59928239
0.49009581
0.25962941
0.40279734
0.028990423
0.28090369
0.60578966
0.58181801
0.31001168
0.69684305
1.1841749
0.79214121
0.68467656
0.76450022
0.0050558084
0.29975871
0.18150235
0.78799465
0.15706991
0.41233065
0.61466607
0.41818155
0.32687629
0.27068526
0.091730018
0.71472254
0.70901061
0.13165124
0.34488257
0.51085844
0.37385232
0.26389306
0.13858679
0.35631482
0.40783056
1.0083115
0.57704734
0.092930362
0.57114143
0.43638439
0.17228937
0.22059342
0.16504004
0.43501773
0.32722371
0.20584254
0.29959496
0.38621238
0.60969223
0.3658185
0.34460339
0.58913589
0.17638036
0.8334617
0.85217989
0.18871546
0.24572566
0.32786564
0.11352754
0.050579157
0.33643161
0.19596191
0.40436727
0.44082169
0.60676248
0.46106811
0.51159244
0.42457031
0.20432497
0.16744398
0.25489974
0.33510743
0.40630004
0.33521746
0.23412339
0.46562651
0.34213509
0.41074415
0.52302965
0.53110384
0.098846589
0.9424371
0.27925488
0.19917342
0.19942091
0.058364188
0.33703023
0.62321554
0.11341363
0.37735432
0.61047391
0.21531433
0.71352261
0.61039765
0.36984672
0.55907997
0.30087944
0.63952143
0.73108836
0.1474614
0.52761064
0.46753314
0.91191494
0.40032449
0.50734964
0.20383764
0.59675774
0.26089604
0.19205047
0.27813575
0.59842802
0.4397923
0.12038529
0.141732
0.068144655
0.61504911
0.52977913
0.55899156
0.5110795
0.71838544
0.5096643
0.44524301
0.56054731
0.13518114
0.13995083
0.15295643
0.15934344
0.18660333
0.25809732
0.24455134
0.66484576
0.48539452
0.64147699
0.61136293
0.19911858
0.24366179
0.53137963
0.43652711
0.38550795
0.34053954
0.20917523
0.37555165
0.34745172
0.33027581
0.40686928
0.67637531
0.29663284
0.26887875
0.0107994
0.22985133
0.79617737
0.12399515
0.13314947
0.29551157
0.21428702
0.41684549
0.3300284
0.33615373
0.35274613
0.3232296
0.32156511
0.91952161
0.25983647
0.23578174
0.41107729
0.50295544
0.6884191
0.18526744
0.077755614
0.071810116
0.35036699
0.31306663
-0.0064710998
0.57708774
0.05378081
-0.011723273
1.1205048
0.53695784
0.432582
0.51936837
0.070944794
0.17560005
0.26883662
0.2420968
0.38439673
0.15212559
0.11794082
0.13461518
0.14161188
0.10014105
0.18346727
0.28123019
0.14938262
0.05640911
0.83808861
0.47588628
0.13700106
0.25870335
0.68124861
0.28539573
0.32342049
0.17547176
0.32871025
0.030770139
0.68398148
0.28514073
0.2877668
0.41697395
0.30637016
0.48612807
0.42296883
0.24256635
0.20261729
0.88419584
1.0145248
0.41259277
0.56054164
0.71646891
0.35263917
0.10933563
-0.040033871
0.079458115
0.34133228
0.12875705
0.051697892
0.10062894
0.37446367
0.022869076
0.25180658
0.34727159
0.60840447
0.35760372
0.61177516
0.39782441
0.87503941
0.22355941
0.35587087
0.3525106
0.35467336
0.42323705
0.37914443
0.32277154
0.083494157
0.049678493
0.52491314
0.33218012
0.33073757
0.79113835
0.20660711
0.43212793
0.59775431
0.22380483
0.33461563
0.2363792
0.23446506
0.17649351
0.15844422
0.27881523
0.4085835
0.043884968
0.44302816
0.22396267
0.40842761
0.0202357
0.094390139
0.44064223
0.3042569
0.44992857
0.84999668
1.0145258
0.12539958
0.23451347
0.63510541
0.52582625
0.2870914
0.5690309
0.3858895
0.68800558
0.50722672
0.38799281
0.5594535
0.56574907
0.59851573
0.41284569
-0.024469893
0.77093706
0.20195836
0.76822806
0.78979551
0.78978904
0.25129922
0.9418846
0.97287339
0.13623037
-0.030080955
0.25563957
0.19773354
0.39479771
0.11909443
0.75190977
0.33364909
0.54413864
0.074172236
0.35048339
0.32492328
0.29997303
0.48497809
0.36757915
0.35568469
0.08423751
0.54024586
0.44226937
0.36898186
0.34763414
0.41016105
0.39874244
0.26817002
0.1226048
0.15089264
0.39598257
0.39235644
0.27249983
0.60864455
0.33374083
0.68489583
0.21968416
0.51359587
0.24950707
0.14689288
0.34492625
0.68648378
0.42754163
0.37274614
0.50810969
0.73407368
0.53473866
0.25526247
0.59024482
0.58090787
0.49325613
0.78702776
0.95896606
0.727299
0.42790337
0.65818322
0.42575416
0.61253413
0.46880806
0.48858402
0.5063351
0.50587661
0.60901059
0.53036759
0.62286291
0.47750639
0.33852272
0.69552263
0.35674825
0.13087039
0.63646567
0.33853293
0.28013683
0.40850375
0.45364392
0.1267375
0.301767
0.30288691
0.2108703
0.31408987
0.17189888
0.28970402
0.4677043
0.29237037
0.40511208
0.5240493
0.27838435
0.36442174
0.83392126
0.79335721
0.32572337
0.50487694
0.55050691
0.40515854
0.41386667
0.22238173
0.33013883
0.38463767
0.56678632
0.36592492
0.476277
0.42850008
0.51406454
0.17034149
0.25869873
0.66112572
0.041482899
0.18047043
0.66983973
0.67905397
0.28193749
0.32459884
0.39020232
0.2372397
0.31993338
0.13122294
0.14819822
0.27099283
0.43002193
0.35134221
0.40829052
0.22528571
0.43082148
0.40589928
0.48622685
0.38223419
0.12438867
0.33406131
0.42369715
0.14232589
0.52487784
0.14433499
0.27836883
0.11720428
0.33311255
0.19846638
0.53529835
0.33455386
0.32030222
0.16171592
0.30623617
0.045880976
0.47088776
0.61032008
0.23180812
0.43881737
0.49919258
0.75708055
0.94295844
0.61742296
0.24972299
0.25966788
0.45470397
0.54069855
0.28751567
0.29395471
0.14521146
0.90222423
0.35976154
0.1011858
0.13555544
0.05948051
0.14629667
0.21975043
0.20665566
0.31763927
0.061639331
0.43287499
0.10249945
0.42530874
0.14561465
0.15055159
0.26835582
0.71022823
0.094464267
0.28121453
0.23938101
0.024228007
0.37182786
0.50030287
0.56924089
0.43336784
0.14454305
0.025248148
0.39821868
0.53731723
0.30811226
0.29098399
0.37596052
0.38700337
0.38700337
0.76155813
0.66896356
0.66905265
0.47100085
0.39135444
0.39244307
0.35188539
0.41094587
0.34005183
0.43540395
0.99647215
0.27634452
0.45397179
0.50095595
0.37506974
0.40388102
0.88653704
0.085160239
0.69262208
0.38228736
0.44844423
0.028085351
0.25881181
0.15457298
0.05738762
0.14462614
-0.013112163
0.29333851
0.22708098
0.23364592
0.15020607
0.1052014
0.12779179
0.66733077
0.060289258
0.17246216
0.15548582
0.11461357
0.076898185
0.059523446
0.47321214
0.030291522
0.68399337
0.23832076
0.10165575
0.092654759
0.45665052
0.10047905
0.30404604
0.064190946
0.13417091
0.073459904
0.56808645
0.095352703
0.37466664
0.079917199
0.47592668
0.37251636
0.86718539
0.54602367
0.71588564
0.23370426
0.19784057
0.24931318
0.29606069
0.27094463
0.38165944
0.26430847
0.17442456
0.16909858
0.57571145
0.55925433
0.46202913
0.48379914
0.35930114
0.1421044
0.45786457
0.34803203
0.40147281
0.3440317
0.088987256
0.39849589
0.20770391
0.16326097
0.39047915
0.0086756919
0.012111906
-0.00087902311
-0.019154202
0.46161058
0.27493007
0.33249903
0.37826499
0.38902507
0.24027881
0.55196545
0.4705914
0.21135068
0.42949045
0.067239331
0.16927059
0.54278622
0.92222112
0.25232697
0.33727312
0.49065864
0.3567217
0.76964281
0.25747278
0.68113015
0.23619421
0.3775404
0.43797926
0.31137607
0.13633244
0.69717629
0.17291158
0.042191445
0.77316204
0.44626732
0.54262026
0.71473749
0.54216928
0.54244061
0.54207921
0.54225972
0.54181037
0.54234974
0.43614022
0.067549214
0.95916454
0.31414802
0.51880166
0.53905002
0.17694843
0.60081925
0.31005249
0.48259193
0.64646449
0.52134865
0.075586136
0.023019908
0.22504806
0.53904885
0.53447857
0.060271552
0.13447543
0.53822556
0.29088284
0.66602609
0.36536139
0.83798123
0.63932564
0.64899505
0.63689642
0.51048633
0.42272696
0.2615107
0.65533431
0.43188076
0.44534317
0.25597154
0.12809879
0.49801645
0.32289452
0.53202616
0.13328519
0.51802204
0.17966326
0.2999616
0.46259032
0.41497394
0.23254672
0.28118809
0.17520554
0.39746447
0.033340579
0.36625836
0.45937646
0.76237636
0.20834947
0.4234425
0.76100487
0.77271558
0.52073012
0.53297289
0.022446545
1.2269656
0.47320828
0.2377717
0.44733491
0.31447162
0.32836623
0.42235558
0.15806708
0.58945483
0.24029816
0.66102931
0.68418826
0.88605881
0.21784792
0.83803156
0.29159032
0.86022421
0.22137348
0.076021377
0.38594464
0.57093779
0.42359121
0.0083382158
0.47150678
0.86217019
0.87973685
0.78678807
0.20065391
0.27110078
0.13932885
0.44037559
0.94425673
0.94702974
0.30873355
0.99785691
0.7222056
0.83247316
0.86696841
0.36585768
0.038770696
0.83389781
0.46848349
0.84321247
0.97915107
0.84154952
0.076373221
0.22729827
0.071243219
0.14821686
0.22924758
0.79937875
0.34928853
0.51163869
0.31072863
0.42751809
0.38940675
0.48378825
0.18039448
0.3065859
0.28466136
0.3227692
0.3267456
0.31535953
0.3114932
-0.0024186967
0.27237707
0.79946124
0.32492027
0.46081607
0.33119776
0.71134875
0.52981726
0.26218612
0.23278239
0.17892812
0.3138366
0.64087218
0.054370141
0.029511437
0.50891068
1.3252426
0.13335756
0.59966506
0.26373797
0.110375
0.45230962
0.32310997
0.041276815
0.38009362
0.37093602
0.71990069
0.018501185
0.33446598
0.018736825
0.58491802
0.48754475
0.79636745
0.91042336
0.49359679
0.66396709
0.28860428
0.27106002
0.26469107
0.37955819
0.43927917
0.3545249
0.32248332
0.98237541
0.13036001
0.13036001
0.99371564
0.99528625
0.82383912
0.34280409
0.41502315
0.36787956
0.46235185
0.082170944
0.35342935
0.4518812
0.35418811
1.0602416
0.44838518
0.73060578
0.0047789285
0.39029395
0.35458354
0.38758915
0.19428362
0.38421949
0.21783371
0.47837497
0.40440138
0.16874866
0.079190087
0.82177655
0.28062431
0.022285008
0.20918716
0.17256258
0.69743751
0.78413178
0.89482483
0.1478657
0.59922845
0.45300654
0.54526816
0.3790006
0.44039475
0.081462233
0.030412772
0.27948168
0.32290003
0.14231423
0.44823031
0.67617263
0.49007287
0.52594191
0.42445267
0.53184456
0.36105399
0.35808293
0.34506106
0.42228724
0.53598253
0.35117773
0.43882731
0.13513177
0.29718779
0.37829413
0.19089479
0.29920947
0.60996711
0.37011805
0.84156008
0.62742717
0.33789906
0.28429374
0.75038954
0.81572386
0.40613069
0.38658829
0.33286344
0.10033152
0.10418666
0.63747268
0.59332161
0.68336511
0.70394689
0.13093158
0.8738259
0.31493743
0.05940855
0.15059284
0.44201173
0.38520286
0.13057809
0.1937951
0.20764282
0.40916292
1.0357649
0.19469159
0.28087908
0.31544127
0.29208237
0.72816285
0.39614929
0.19187811
0.029280829
0.42227299
0.42571038
0.45180141
0.10176556
1.0167328
0.11934885
0.4213196
0.27353963
0.32031736
0.8849659
0.93949878
0.85414347
0.42072584
0.85464061
0.64835921
0.19736262
0.17342019
0.67156013
0.51901124
0.35970405
0.042972161
0.28139092
0.3005419
0.10265406
0.25446625
0.19626476
0.40710395
1.0893323
0.63631099
0.45782682
0.70507986
0.061605419
0.15792273
0.12548262
0.45787223
0.34668262
0.86866161
1.1408958
0.49755977
0.12380382
0.5644362
0.44369614
0.0999415
0.58213158
0.029000171
0.21150069
0.14839307
0.5632284
0.56564237
0.43714818
0.13574105
0.1680066
0.62061283
0.77347543
0.61764137
0.29627559
0.55389357
0.50071731
0.81823949
0.51223156
0.64929558
0.26840839
0.8187494
0.28368564
0.46794364
0.80823413
0.013843458
0.11666027
0.46925567
0.78565946
0.20215942
0.63621109
0.61606825
0.61971938
0.19329318
0.80308321
0.16906882
0.16906882
0.42139762
0.063925949
0.48833801
0.4846649
0.452292
0.46419289
0.45065365
0.34690439
0.66668803
0.83678399
0.44511213
0.35418024
0.27232465
0.86467077
0.30221996
0.41506564
0.34156553
0.013349208
0.46136197
0.63764876
0.44963076
0.60096088
0.73833424
0.76053236
0.38206828
0.84496981
0.46364784
0.46346749
0.91291344
0.32180966
0.07345164
0.30254942
0.37223048
0.15266992
0.33706441
0.41163645
0.43977102
0.61494421
0.12633936
0.17106111
0.39072522
0.60365616
-0.00043670944
0.068453402
0.61310927
0.41437928
0.14212304
0.92980358
0.71901559
0.038259744
0.34067459
0.28501029
0.14346637
0.41624724
0.33170714
0.72077508
-0.022527475
1.0571881
0.72873064
0.61983511
0.32083105
0.44872684
0.32696215
0.22179849
0.66693632
0.70973735
0.76305863
0.49298177
0.40605141
0.6656356
0.043504307
0.47243276
0.41462201
0.77730717
0.4325386
0.31289332
0.24377217
0.30972356
0.32968321
0.36697493
0.23694071
0.010793906
0.031474292
0.009503457
0.031327378
0.00098115613
0.023680332
0.12517677
0.10539274
0.18827799
0.19228611
0.27474402
0.23264786
0.29448527
0.29726999
0.15257286
0.29028327
0.53707187
0.30785396
0.59723059
0.36484426
0.50686573
0.2216448
0.26333096
0.12173803
0.39276979
0.25194125
0.10029082
0.38930058
0.21173579
0.058531699
0.17542651
0.14913245
0.69148539
0.5661053
0.18431579
0.22619214
0.18235482
0.37479165
0.24371314
0.13486669
0.22288961
0.32554292
0.67189308
0.60113138
0.24915002
0.42733783
0.33396661
0.24310239
0.40117109
0.32271897
0.39072327
0.38131108
0.46258566
0.46500831
0.65888117
0.20915873
0.40143342
0.55807285
0.21609564
0.41490757
0.38281709
0.78291264
0.24680552
0.64464587
0.66632418
0.40187425
0.39335955
0.21767304
0.36150222
0.36699301
0.33491274
0.41149772
0.17881388
0.40144048
0.15426286
0.37361702
0.35539397
0.23200246
0.36926761
0.39000957
0.37770245
0.40289616
0.28870808
0.31519818
0.18798747
0.6523868
0.37939334
0.16578872
0.13404378
0.28562328
0.328958
0.28649626
0.3237795
0.27123567
0.32060365
0.37898296
0.26090926
0.60948976
0.085558046
0.313162
0.30319479
0.34461825
0.16101456
0.32820073
0.35770922
0.3396437
0.14695146
0.13890204
0.38950298
0.64607914
0.24248983
0.15322035
0.37940772
0.30053042
0.22863164
0.41480252
0.30843729
0.28848944
0.31519742
0.32022025
0.13713846
0.34320642
0.51436302
0.37584555
0.30383125
0.364543
0.3855918
0.22745204
0.10979328
0.51941071
0.62623564
0.22411666
0.15089092
0.43893551
0.49344249
0.25266874
0.67013921
0.33899721
0.41695582
0.044388951
0.064011781
0.63846625
0.1170282
0.055986051
0.26127183
0.34174349
0.74192791
-0.019699853
0.79798151
0.20015826
0.21974259
0.9422604
0.84345051
0.055986006
0.16462604
0.25475671
0.95265501
0.46880501
0.042514628
0.67848896
0.28516394
0.55427393
0.26157285
0.17037511
0.24911501
0.0042669014
0.73853848
0.73125692
0.47223998
0.32307838
0.65065855
0.21673627
0.28478292
0.6227451
0.39981714
0.24345171
0.37531445
0.96128379
0.33530806
0.36908561
0.47994975
0.458044
0.11033413
0.58070447
0.19220582
0.36750032
0.43018976
0.129206
0.37565367
0.096894006
0.58079222
0.22025067
0.49453546
0.54205076
0.36650314
0.32223007
0.7936119
0.20984739
0.54446665
0.15496051
0.25126091
0.87325345
0.16971038
0.0083743077
0.24532079
0.8255397
0.49406398
0.59478066
0.37586835
0.65883259
0.070832287
0.8369358
0.27750872
0.35651888
0.93627419
0.20719244
0.53385489
0.54671735
0.22542001
0.44585299
0.26478054
0.33213619
0.76535232
0.31613562
0.42005663
0.70282919
0.38003826
0.79432737
0.91093414
0.36705509
0.42030269
0.42373007
0.79384092
0.91250887
0.023039024
0.89853313
0.38453154
0.014550896
0.10839606
0.80566359
0.76105123
0.083831217
0.45556846
0.4671973
0.40581267
0.92049429
0.68538401
0.71402731
0.74429841
0.33623114
0.30150376
0.65623431
0.4825477
0.78970372
0.35092907
0.43312335
0.1519311
0.55797002
0.44597607
0.62577966
0.91109338
0.068461511
0.19515503
0.2892922
0.23817043
0.38509993
0.38920726
0.54743057
0.94337124
0.2498918
0.75625746
0.40848777
0.15143702
0.56819445
0.39213088
0.55830662
0.70899774
0.64867698
0.43608324
0.32361623
0.031671036
0.4507823
0.35470509
0.45384946
0.060922406
0.57470431
0.77628879
0.63678303
0.35506201
0.77296648
0.37473067
0.28145037
0.047810401
0.4545746
0.90421441
0.75823139
1.0268567
0.6308626
0.12458204
0.43211294
0.41875711
0.026551268
0.55196551
0.55626473
0.87584042
0.5530424
0.41989767
0.20544166
0.62452639
0.0023532287
0.24112814
0.4251052
0.079216408
0.2929074
0.097275212
0.43253116
0.37740747
0.59329647
0.79919408
0.4594249
0.64322966
0.3808374
0.41812742
0.38544529
0.46196233
0.38662705
0.36224111
0.15614528
0.41385783
0.80959562
0.3540246
0.3108758
0.58039865
0.4988158
0.39932491
0.30740027
0.22974286
0.33337875
0.68904025
0.76130757
0.24830368
0.82984816
0.16197883
0.40524979
0.32295943
1.0179563
0.29888094
0.19591587
0.14579322
0.46249078
0.53313615
0.76028588
0.68273421
0.40755052
0.7942868
0.29686516
0.62741548
0.23543669
0.19004414
0.18438588
0.20071034
0.30532715
0.87384681
0.53016581
0.12596541
0.12973615
0.056929032
0.30448124
0.14114651
0.16037196
0.28093359
0.26102356
0.25006726
0.24001424
0.32519379
0.1885481
0.36739806
0.11544966
0.43915775
0.23835094
0.2556313
0.19849881
0.33211077
0.14317088
0.30792603
0.19285284
0.1180274
0.14780941
0.71208332
0.11733334
0.008563484
0.23685301
0.53601489
0.12274769
0.019445823
0.78988471
0.24870102
0.36253285
0.34326276
0.40158488
0.37270898
0.39127766
0.37709941
0.39127766
0.28514173
0.79043582
0.93183173
0.85871249
0.67084871
0.1648175
0.15903033
0.14253999
0.4018252
0.42069285
0.79597111
0.62533867
0.55183959
0.49842196
0.37135216
0.3461663
0.54945454
0.29724332
0.79447562
0.36863401
0.81552555
0.34665582
0.29424876
0.28569393
0.55122655
0.19569133
0.30847082
0.39878411
0.20907189
0.36305464
0.24020238
0.64152271
0.35073205
0.1530694
0.47276873
0.42587002
0.77577663
0.5440388
0.69213856
0.064282242
0.38361805
0.76056635
0.59790254
0.36080503
0.33669367
0.34229054
0.59243869
0.58061749
0.30663461
0.76674313
0.76674313
0.39248311
0.61967605
0.60665944
0.64666781
0.6412405
0.58461813
0.013740996
0.35533694
0.44062093
0.21541287
0.12354287
0.16721881
0.23652984
0.39815605
0.20313568
0.24454656
0.20763776
0.52593951
0.31134256
0.25334289
0.57382561
0.39545257
0.36546879
0.32525411
0.28838631
0.28484276
0.41323278
0.38754101
0.40321474
0.96856231
-0.0023877299
0.39410334
0.25772641
0.14270758
0.22596215
0.56682152
0.77190338
0.22172176
0.47000831
0.35468491
0.037796274
0.70408666
0.38915235
0.30752246
0.87795024
0.31893489
0.76531127
0.24319423
0.12079196
0.1238938
0.4813969
0.26547161
0.088765035
0.40245537
0.78857637
0.28115393
0.11528611
0.89071809
0.80494997
0.4947204
0.12984355
0.59917473
0.54259291
0.53084058
0.54647265
0.45926248
0.17111371
0.88281253
0.38303432
0.36852491
0.32656085
0.51866523
0.69112512
0.31968783
0.61465751
0.4747398
0.19745903
0.67215899
0.23181392
0.3144414
0.10731418
0.10055515
0.43219614
0.29373272
0.54086877
0.52068244
0.44327243
0.33847689
0.42208662
0.60612109
0.80662388
0.49334997
0.30850772
0.11130677
0.80864885
0.20840114
0.18213174
0.40311838
0.51440995
0.30041063
0.46137018
0.41680921
0.71480577
0.92919303
0.11147127
0.87273989
0.92987182
0.097949323
0.39751085
0.17319784
-0.00068950726
0.0096822958
0.1244406
0.21939641
0.5168996
0.40358421
0.20214283
0.38013909
0.068042301
0.22368342
0.43549223
0.10866997
-0.042360583
0.26999653
0.31665004
0.23523082
0.57815663
0.7309356
0.19738831
-0.014578011
0.67414181
0.83166484
0.42537161
0.47915566
0.42576549
0.40229609
0.041719757
0.35848833
0.20649759
0.94555288
0.55852677
0.52269151
0.079167345
0.37728749
0.60641294
0.076798947
0.057327904
0.043690272
0.11489476
0.18315763
0.57260441
0.39645797
0.11835899
0.3012895
0.47447664
0.22540687
0.10602149
0.34250602
0.66768088
0.64162204
0.21201149
0.2680177
0.24554407
0.31971512
0.7758121
0.3259693
0.43512826
0.25589599
0.52016682
0.20519736
0.38425084
0.34226491
0.48773774
0.37725299
0.19291517
0.45645226
0.42605981
0.16088498
0.65974753
0.51202319
0.32510864
0.46181742
0.23700978
0.45886459
0.074308745
0.26302672
0.14120389
0.28292064
0.20009044
0.64050776
0.22085324
0.83455951
0.065275352
0.039973515
0.98085533
0.69215501
0.65898706
0.44141499
0.057216574
0.34557799
0.71719208
0.25463725
0.24515401
0.010169445
0.23046312
0.74638528
0.043687796
0.035739014
0.37731875
0.58020872
0.57874762
0.58127406
0.17467809
0.54797027
0.78091152
0.30859517
0.47146551
0.17472708
0.53042157
0.5797133
0.78192033
0.48301147
0.56325454
0.57069182
0.058639083
0.57634485
0.65583397
0.62971804
0.54301144
0.24239981
0.52076179
0.61386915
0.53942691
0.63759266
0.67583939
0.6627533
0.68250687
0.13190926
0.33914103
0.37875911
0.32090107
0.4051996
0.32471383
0.057026672
0.052481554
0.19227899
0.15749841
0.80817793
0.43099056
0.16103405
0.45740675
0.2992619
0.080538665
0.42679991
0.25283742
0.032386417
0.31853125
0.39058782
0.30609551
0.41742142
0.33121463
0.67485628
0.38524989
0.020731788
0.34322141
0.64308025
0.31164142
0.53429797
0.71426203
0.38823292
0.54026993
0.49630722
0.53580207
0.39780331
0.42932012
0.43338219
0.59878358
0.53563657
0.34527905
0.39575123
0.16810758
0.027399133
0.27740541
0.90838907
0.11336466
-0.013772655
0.97578654
0.34185415
0.44739787
0.38902426
0.67819555
0.29979145
0.3158567
0.22238472
0.41037833
0.27542831
0.39301984
0.95534163
0.27356798
0.24986997
0.41015949
0.36649196
0.17036864
0.55655269
0.80785138
0.27164494
0.39128069
0.17868478
0.41209472
0.38056726
0.29797024
0.50822987
0.72635784
0.75404867
0.15854531
0.43087586
0.20392882
0.46019449
0.37681362
0.42203068
0.37469719
0.38635115
0.30095541
0.43572176
0.364634
0.29218804
0.12912668
0.25804146
0.41026187
0.28989532
0.28989532
0.27538963
0.53287786
0.35562239
0.27980653
0.33213565
0.75175345
0.49015131
0.35965918
0.44716047
0.23330476
0.36277483
0.58049609
0.26815462
0.31355375
0.86151744
0.59645704
0.62774097
0.36502747
0.21123496
0.67375786
0.36937892
0.13749045
0.5464711
0.10253749
0.51745616
0.33904335
0.1600748
0.24724168
0.15596886
0.55809289
0.50149556
0.30152154
0.15613928
0.50530429
0.30886985
0.39434076
0.37272599
0.55700228
0.38763381
0.31546418
0.39214219
0.4274399
0.35661035
0.37212771
0.41388064
0.24465966
0.43156382
0.43839736
0.41455991
0.4466402
0.43331139
0.5234755
0.41808966
0.23973091
0.29669154
0.72735312
0.36610485
0.32684947
0.37111741
0.14204767
0.081686607
0.20623489
0.29685067
0.40966745
0.36059373
0.24671297
0.28487895
0.18580271
0.1103898
0.2946061
0.39530135
0.12291832
0.34659961
0.21270389
0.15525853
0.078530785
0.066184408
0.16024236
-0.020071394
0.20969912
0.77042411
0.93287255
0.32100494
0.52800655
0.35869944
0.60775922
0.42426026
0.40091729
0.6272895
0.51213362
1.0162401
0.23816445
0.070924095
0.67284429
0.50549699
0.42538965
0.56781454
0.12096888
0.23520822
0.0070333149
