0.38388311
0.85009496
0.73641333
0.23673405
0.45381866
0.55345749
0.50439305
0.64661568
0.2446236
0.47599739
0.54063717
0.43559295
0.41921349
0.45387413
0.18511635
0.45938311
0.2354005
0.22208579
0.11237343
0.48583234
0.34283402
0.61637023
0.25531012
0.33166975
0.49019377
0.77543614
0.48356372
0.48354045
0.43653539
0.29463811
0.24147294
0.4774763
0.41617303
0.38922724
0.18025041
0.44132414
0.31492955
-0.073575206
0.42722494
0.65876447
0.30720741
0.67910988
0.43293651
0.66987322
0.26879837
0.50787269
0.56567849
-0.062612735
0.33816496
0.49995098
0.467962
0.34222224
0.59883942
0.4850893
0.31305063
0.59294661
0.5372593
0.26786866
0.40573811
0.17651737
0.45453414
0.47116147
0.49939355
0.29183371
0.48377824
0.4835578
0.3775183
0.6469762
0.46617222
0.61035183
-0.10907284
0.3606928
0.6490438
0.37830418
0.56181119
0.45389165
0.62960996
0.4583376
0.43354623
-0.043555588
0.41840687
0.17363003
0.46997362
-0.028248511
0.73194129
0.53789129
0.51118242
0.47310274
0.59817412
0.3868031
0.58019603
0.4459598
0.5223515
0.2733983
-0.099393832
0.29305386
0.4338216
0.34874281
0.41993634
0.50019291
0.25118984
0.42541365
0.48590402
0.43610574
0.49121529
0.41737962
0.63979608
0.45540758
0.53279706
0.45321586
0.3803427
0.31951921
0.43594408
0.69488144
0.53167342
0.63431763
0.72915371
0.29643927
0.49941365
0.40210029
0.60860137
0.34036966
0.4730316
0.35667106
0.43380363
0.41354191
0.46544909
0.82028376
0.55498516
0.61270057
0.41481308
0.43074935
0.041974125
0.035088649
0.7583275
0.41420139
0.41555177
0.56062417
0.37038812
0.47237156
0.027615219
0.54854932
0.27983496
0.49719573
0.031033504
0.24276407
0.55822274
0.030400038
0.019472079
0.5960458
0.37339086
0.017369101
0.4854524
0.058992495
0.54832179
0.28635757
0.20508957
0.55788792
0.061301761
0.54970442
0.56610532
0.038748821
0.059160826
0.45671443
0.066876912
0.28645589
0.053263848
0.086857019
0.67475114
0.34818935
0.33729179
0.17679724
0.41430375
0.48921736
0.072220066
0.64380181
0.12149477
0.36328846
0.085813491
0
0.42913735
0.27217747
0.40184739
0.63824276
0.28066294
-0.30209471
0.28669009
0.28220913
0.23844586
0.34279211
0.55736099
0.3001464
0.56719512
0.36093496
0.29865583
0.079974832
0.58994039
0.27338016
0.22066972
0.26639188
0.55965848
0.20874142
0.30113864
0.18092755
0.31770075
0.35512151
0.37395831
0.5141476
0.43615369
0.38603407
0.29127084
0.40841584
0.39982003
0.56079871
0.37083816
0.42565762
0.69111127
-0.12691776
-0.11528686
0.59722577
0.49859113
0.47560555
0.29460087
0.17753807
0.36283377
0.5497676
0.5497676
0.23858667
0.21022072
-0.095752747
0.51076462
-0.052729948
0.49775712
0.57533021
-0.08438082
0.35636433
0.61151753
0.44284631
0.60304603
-0.081276233
-0.011467612
-0.020786217
-0.017421496
0.30241455
-0.020845379
0.3079648
0.32635471
0.19451644
-0.029520831
0.23436913
0.71863255
0.59496875
0.22849212
-0.018492876
0.46503828
0.30067911
0.28932406
0.18993563
0.66721023
0.011018804
0.64540364
-0.044405746
0.39484228
0.43199357
0.33633232
0.012106806
0.022693254
0.031198608
0.32939038
0.030687518
0.017067562
0.69248427
0.038922598
0.28348348
0.19146746
0.32919406
0.26744295
0.048280816
0.0078345514
0.061674215
0.061426281
0.38982289
0.063646112
0.072256544
0.41465585
0.073956904
0.06159215
0.30579436
0.31378473
0.094695242
0.087172598
0.087604051
0.088613859
0.090986908
0.27940702
0.53537215
0.54716498
0.37097935
0.32037204
0.076540459
0.052620816
0.46954069
0.34191517
0.098266282
0.10026424
0.10158875
0.11273475
0.27224409
0.043261792
0
0
0.37507625
0.41116264
0.80578726
0.73924229
0.086668249
0.63069351
0.51537483
0.51456411
0.29231485
-0.21041728
0.47467726
0.2824431
0.24978195
0.088604584
0.37582833
0.32733184
0.21818436
0.51506506
-0.17316034
0.40900123
0.07423001
0.24889337
0.30116297
0.36275797
0.45836984
0.21828659
0.23024874
0.4436222
0.25308149
0.1969966
0.26670982
0.46263833
0.55496478
-0.027562126
0.46529739
0.28397975
0.20301377
0.26628579
0.46829863
0.48179029
0.31876188
0.30635975
-0.005339054
0.12680459
0.2728015
-0.049382736
0.20567493
0.021775123
0.42766925
0.20648148
0.097949821
0.010510109
0.039708565
0.26369304
0.210343
0.015124644
0.36912014
0.23747231
0.16136827
0.2462221
0.15929426
0.39881068
0.042873273
-0.010309692
0.46405997
0.20401475
0.62034451
0.33309832
0.41177232
0.10852245
0.46307402
0.30903903
0.28021521
0.35781524
0.41200483
0.0064115437
0.42867903
0.42867903
0.2813136
0.41158846
0.26026734
0.22415032
0.064351598
0.34362748
0.15059357
-0.044024387
0.35103995
0.41391315
0.45278068
0.3680197
0.57249375
0.26944634
0.18598882
0.37720681
0.38061945
0.040253726
0.356626
0.38371457
0.29513989
0.45237603
0.042962866
0.33194893
0.34466299
0.46290875
0.29721016
0.019454434
0.33619898
0.40426411
0.068329229
0.48790341
0.071121448
0.42482218
0.041082415
0.411076
0.056799521
0.075474598
0.42967817
0.29832156
0.085660276
0.067327335
0.030329079
0.041552802
0.49685292
0.12333747
0.059729316
0.41656617
0.08049539
0.30862216
0.065735071
0.057652325
0.28056958
0.093061586
0.3499612
0.038195922
0.2750821
0.46118285
0.052472086
0.39054506
0.2357854
0.10122089
0.16571197
0.27409289
0.095335231
0.058759678
0.29259601
0.29545884
0.0091316951
0.24256065
0.01642664
0.018808963
0.053078127
0.045544031
0.14848814
0.089831311
0.044537057
0.18887386
0.056519724
0.17360328
0.17360328
0.25153628
-0.0095270438
0.035039563
0.12892057
-0.019493889
0.012279079
0.16266236
-0.0010309252
0.0085036932
-0.0032028751
-0.0059133852
0.22718769
0.012421725
0.0047008957
0.023330706
0.012509916
0.01395948
0.0089687712
0.0097826281
0.005211185
-0.00040455958
0.26801452
-0.0062391228
-0.002341967
-0.0045211547
-0.0094642533
-0.01124721
0
0
0
0
0
0
0
0
0
0
0
0
0
0
0
0
0
0
0
-0.17945256
0.29474641
0.7226101
0.48269017
0.68655726
0.68655726
0.40532912
0.32463223
0.65874336
0.65874336
0.4242969
0.63648148
0.10203271
0.30722597
0.64756317
-0.16869823
0.37426243
0.15454018
0.42280591
0.41094141
0.36432565
0.37929029
0.14207143
0.48289362
0.30514344
0.33144466
0.37953457
0.36892425
0.0097070696
-0.057773462
-0.097058151
0.20188386
-0.14685364
0.40957897
0.69774925
0.67064892
0.49668971
0.25365479
0.46062646
0.57402789
0.73005515
0.37789848
0.63093491
0.18473169
0.35114678
-0.089486606
0.38059698
0.32791095
0.25750521
0.21613721
0.6235349
0.21356059
0.26322805
-0.032120088
0.54408362
0.33622735
-0.010277249
0.75773032
0.44873787
0.5709449
0.33370175
-0.017095591
0.31865408
0.28019529
0.44275278
0.55352486
0.50442432
0.33851919
-0.016585735
0.35162423
0.37074293
0.0082666989
0.016525741
0.41000663
-0.082609827
0.022995806
0.37173074
0.29032716
0.54642161
0.043007058
0.35668105
0.52287221
0.051312931
0.57656933
0.47722545
0.050809657
0.40928311
0.36619568
0.42360272
0.42403093
0.4546847
0.038906202
-0.11797947
0.020264702
0.36423044
0.47580254
0.58339847
0.33518214
0.52297862
0.52297862
0.57333722
0.48602451
0.48602451
0.48602451
0.46055871
0.46055871
0.46055871
0.46055871
0.44164735
0.41486468
0.4514806
0.0048473275
0.42496971
0.46113836
0.40677294
0.4683908
0.33772518
0.69929741
0.028169751
0.42223041
0.37213051
0.56616072
0.48725487
0.33262951
0.079582782
0.055426298
0.37347616
0.088711417
0.069226761
0.29507006
0.094313455
0.095559912
0.094284288
0.39249945
0.086436816
0.08873849
0.16012853
0.22087138
0.018040126
0
0
0
0
0
0
0.49405531
0.75604279
0.32127674
0.65978962
0.26058017
0.14297139
0.66897835
-0.11446426
0.45200461
0.26713684
0.37386617
-0.052908268
0.3888177
-0.10529074
0.25072304
0.60837652
0.60478826
0.38751476
0.38164076
0.42502276
0.55520094
0.71649967
0.13941994
0.59696253
0.65156601
0.59836926
0.6006105
0.47607263
-0.062787706
0.81621737
0.52992113
0.38640741
0.73424605
0.73424605
-0.042132753
0.5757776
-0.036015705
0.68365501
0.68365501
0.68365501
0.68365501
0.68365501
0.66568863
0.49391144
0.64873856
0.20821785
0.62288781
0.62288781
-0.03472869
-0.016600347
0.57043126
0.60280235
0.50464485
0.58662908
0.58662908
0.0090397517
0.68367825
0.59425913
0.58131774
0.47004801
0.50685944
0.39860933
0.48354333
0.54940392
-0.048477477
0.44674083
-0.038523
-0.082980291
0.25544498
-0.048593211
0.24995385
0.27191886
-0.0099455992
0.78886524
0.40225881
0.49813785
1.0608911
0.22183842
0.29292709
-0.0091498168
0.0076419306
0.0010612171
0.27033174
-0.0056488953
0.0076139768
0.2569137
0.007366757
0.31918707
0.27119061
0.46212316
0.29014674
0.030533923
0.34118706
0.035496831
0.55889447
0.023594054
0.31994347
0.0071380782
0.039971228
0.032638703
0.048463344
0.015814116
0.48623629
0.051024825
0.055598907
0.072981706
0.078392232
0.076726218
0.063143898
0.064906619
0.082214349
0.38017131
0.066721778
0.61256065
0.44755371
0.081446029
0.46419687
0.087072422
0.040211726
0.41682648
0.094642618
0.36356625
0.39869441
0.091021529
0.062213299
0.41255094
0.37451162
0.095980728
0.078727334
0.092869016
0.066491695
0.37712243
0.04289356
0.090689346
0.091315823
0.093651883
0.095107734
0.40819138
0.43203756
0.53767116
0.084537945
0.099026597
0.094432655
0.39325205
0.061242293
0.08787233
0.06604534
0.48956739
0.098624561
0.0890217
0.089868585
0.087541837
0.3865665
0.088251867
0.10918661
0.49397669
0.094056355
0.093774012
0.098093959
0.10382418
0.095619088
0.095043999
0.096515972
0.47759797
0
0
0
0
0
0
0
0
-0.32055314
-0.24525383
0.73103409
0.18341423
0.49592039
0.25512243
0.20591686
-0.11474751
0.28797997
0.59312728
0.32937642
0.2461602
0.12685032
0.22841821
0.35383248
0.44936909
0.46183877
0.40605166
0.57541777
0.33257214
0.25338193
0.40572688
0.29620962
0.01524291
0.43210834
0.53567207
0.46137953
0.45858395
0.45916167
0.49087997
0.44977058
0.30136581
0.31531142
0.4069558
0.55365801
0.30324781
0.19021122
0.35050917
0.53912852
0.46725566
0.048380493
0.32188023
0.47814581
0.34523039
0.35362941
0.70676643
0.34135567
0.55534186
0.17667319
0.69481143
0.51987405
0.51987405
0.60662789
0.8610294
0.5830639
0.42298469
0.38303881
0.50020338
0.26305099
0.4310995
0.24517062
0.87986915
0.43763598
0.49683416
0.47511407
-0.14705402
0.40997783
0.69788547
0.56305545
-0.027939568
0.71337824
0.30977174
0.34103009
-0.15003569
0.34769274
0.34585896
0.2524892
0.32675283
0.45249467
-0.11812277
0.205715
0.46104349
0.21939919
0.66562661
0.22552951
-0.11817357
0.33264692
0.57383201
0.20282246
0.60665828
0.31340483
0.20399032
0.49451809
0.51438776
0.41703662
0.40065006
-0.092612785
0.081689722
0.6219868
0.38177205
0.64024062
0.237511
0.77869682
0.19774804
0.57133031
0.69762373
0.27489214
0.46293487
0.37556209
0.10613638
0.67710267
0.19041493
-0.050959223
-0.047987682
0.44529798
0.38581963
-0.033177764
0.27345128
0.71038269
0.017133416
0.34177302
0.0049075548
0.64169494
0.2505198
0.2646734
-0.027910922
0.33315417
0.33726331
0.29538359
-0.059804192
0.51428593
0.29158718
0.48842512
0.82788608
-0.014483812
0.5412274
-0.020715139
0.27787
-0.010066218
0.27494404
0.63649802
0.31389001
0.35202249
0.17054273
0.23498689
0.51447954
0.39426386
0.30980369
0.57116137
0.26834427
0.19673504
0.0075623715
0.17579641
0.20051656
0.34426715
-0.064100814
0.010835483
0.28255614
0.42742581
0.014228707
0.5110386
0.26188139
0.44617527
0.038019396
0.27881982
0.33893262
0.17937934
0.029120968
0.2953994
0.33871097
0.27666292
0.33732833
-0.0013760844
-0.02267892
0.49971311
-0.062360226
0.32126294
0.041651187
-0.050274951
0.2775914
0.37674898
0.012781645
0.36873131
0.35147021
0.33953375
0.025187032
0.53550651
0.015787947
0.013390336
-0.02824906
0.31254707
0.29825764
0.30430806
0.054857554
0.39410431
0.055007776
0.05222153
0.056334472
0.053911114
0.026244719
0.057604201
0.058055638
0.37703595
0.57567643
0.040978473
0.014575034
0.40669495
0.28827202
0.058329873
0.42357045
0.054636331
0.062239246
0.059443536
0.38701193
0.055983035
0.36359861
0.26989554
0.31134211
0.059726595
0.058329352
0.056844894
0.31395594
0.077628948
0.36595877
0.28723814
0.38451239
0.30182875
0.043738913
0.047563932
0.040650502
0.047260813
0.078597559
0.077613695
0.059091902
0.05660981
0.066145201
0.078365429
0.076975975
0.073704733
0.061134871
0.055346678
0.051231192
0
0
0
0
0
0
0
0
0
0
0
0
0
0
0
0
0
0
0
0
0.30771917
0.50025171
0.11426508
0.78565489
0.50480079
0.40738815
-0.23968936
0.59896099
0.2939993
0.089055846
0.30776813
0.2531843
0.3111812
0.44483073
0.41372532
0.34548793
0.42963263
0.29619064
0.049628522
0.29578137
0.41158576
0.38517504
0.54646899
0.46282077
0.53244566
0.35478902
0.23613177
0.2330906
0.26677343
0.45949546
0.37356311
0.36428968
0.47859434
0.13382937
0.29219852
0.22558899
0.20327903
0.57922204
-0.03456447
0.34419694
0.44442502
0.21099146
0.1209602
0.46957826
0.24287344
0.4194932
0.4485158
0.38799795
0.45181185
0.51884436
0.35140782
0.58553542
0.30985039
0.5030367
0.45215267
0.2219628
0.56422471
0.54323459
0.47300245
0.42855735
-0.059888534
0.19599832
0.61821517
-0.12620483
0.35589459
0.60579755
0.36810931
0.51973635
0.49393997
0.44374728
0.49441229
0.43115348
0.38694748
0.50056258
0.49471249
0.4505922
0.32818917
0.42209
0.73424849
0.31288233
0.55692076
0.44090949
0.30512721
0.43494527
0.61541469
0.39453302
0.49683036
0.58102923
0.68865394
0.48498395
0.48378872
0.48436988
0.36968109
0.63339183
0.53833678
0.46555646
0.58515206
0.5053006
0.53510338
0.72003317
0.55401549
0.28773022
0.58248172
0.096014001
0.079260063
-0.015781631
0.0038289155
0.0038289155
0.0038289155
0.32990422
0.58086452
0.58086452
0.58086452
0.58086452
0.58086452
0.56346537
0.25589367
0.54869697
0.54869697
0.52476563
0.25443675
0.63455213
0.63162068
0.53097075
0.26981047
0.63901238
0.48622353
0.20408384
0.43039759
0.09346081
0.56021925
0.066509262
0.61083546
0.079713691
0.64964989
0.62056621
0.028422698
-0.17833681
0.79173879
0.63593775
0.5526213
0.43867833
0.39361722
0.38843522
0.84218544
0.5462763
0.38828265
0.57792069
0.17479558
0.22934537
0.67197914
0.5743891
0.24089552
0.56901986
0.22314743
0.21080986
0.13805686
-0.048907158
0.24844089
0.59093857
0.24648704
0.21953825
0.29786622
0.2908357
0.24685495
0.35404366
0.34205631
0.21988632
0.55865069
0.18420896
0.27287845
0.27172503
0.20234286
0.06072362
0.074332844
0.18867909
0.24428189
0.048558899
0.3353754
0.24124855
0.27541396
0.24141272
0.063013031
0.24598086
0.078494844
0.041374338
0.20472909
0.040557474
0.051042405
0.059015191
0.26114998
0.32642921
0.044827052
0.27293467
0.25097195
0.047822266
0.063802323
0.075370529
0.076862023
0.052165648
0.078694019
0.31698893
0.3362417
0.26941925
0.091933618
0.06618418
0.2536336
0.076625978
0.07637024
0.068169271
0.085431377
0.28544328
0.33644873
0.087318112
0.20104276
0.074382077
0.070559968
0.074870935
0.097075046
0.075029342
0.26799079
0.071766273
0.068610147
0.053252067
0.32983227
0.083825225
0.079464709
0.073110887
0.1608445
-0.032970385
-0.02202918
-0.011992882
-0.0063441777
-0.0091295573
-0.0035476319
-0.010984854
-0.00095916164
-0.0075863711
-0.0054817324
-0.0068277217
-0.0063007791
-0.0056221303
-0.017322238
-0.014629227
-0.01162562
-0.021157619
-0.019787195
-0.020811332
-0.021862139
-0.020938508
-0.021689998
-0.02047156
-0.020178528
-0.022755738
-0.022314527
0.046037632
0.046037632
0.046037632
0.046037632
0.046037632
0.046037632
0.046037632
0.046037632
0.046037632
0.046037632
0.046037632
0.046037632
0.046037632
0.046037632
0.046037632
0.046037632
0.046037632
0.046037632
0.046037632
0.046037632
0.046037632
0.25981537
-0.11058442
0.089495314
0.62847174
0.15867689
0.2023375
0.22642318
-0.16808743
0.35892798
-0.22791383
0.26811157
0.20910749
0.7354687
0.20385645
-0.18519562
-0.057804044
0.25372306
-0.063300892
0.17675362
-0.05746761
0.4248143
0.28602356
0.63528208
-0.019805641
0.30872975
0.28401871
-0.040457021
-0.014700811
0.21404066
0.1857859
0.41930779
0.045963304
0.1068346
0.098981272
0.15584764
0.19082543
0.71649911
0.20705374
0.56154338
0.52980323
0.29609451
0.022280637
-0.13170826
0.24913837
0.22231122
-0.1138724
-0.095696984
0.19314789
0.67394471
-0.10035279
0.30722463
0.24019217
0.36096176
-0.048249548
0.34103521
0.040649658
-0.062409305
-0.044212101
0.32150139
0.26609108
0.31768554
0.47245006
0.43563706
-0.0014264857
0.360975
0.35555364
0.018457196
0.32515395
0.40141259
0.56407634
0.22749273
0.38420174
0.38420174
0.053987826
0.3347682
0.36610888
0.35693597
0.030315691
0.35291303
0.3489452
0.27947857
0.28467698
0.062908749
0.05732476
0.027935841
0.054424267
0.073826664
0.40528146
0.33380633
0.070890254
0.37541714
0.077346583
0.074501563
0.070806704
0.070996642
0.087201371
0.087659128
0.0969561
0.092517812
0.35219838
0.039216608
0.57919353
0.094484841
0.104575
0.10096056
0.096358546
0.096003485
0.10080622
0.24835439
0.093688935
0.090339917
0.091659706
0.089628567
0.092480413
0.087859168
0.082489044
0.0875757
0.29485425
0.47125094
0.055617379
0.081638105
0.053985281
0.070772235
0.088427942
0.044549336
0.28956282
0
0
0
0
0
0
0
0
0
0
0
0
0
0
0
0
0
0
0
0
0
0
0
0
0
0
0
0
0
0
0
0
0
0.45317786
0.057959879
0.31543973
0.1965756
-0.20854338
0.43977208
0.32139511
0.47885584
-0.33964827
0.72482763
0.5935743
0.51825112
0.58472541
-0.22940143
0.44133032
0.21509294
-0.13569908
0.64599349
-0.005906461
-0.0013472176
0.38956971
0.19593333
0.12620336
0.21191846
0.26744915
0.0080796491
0.0038034524
0.0010967868
0.26540364
-0.13638765
0.35886443
0.31463866
0.25083684
0.25025331
-0.087394439
0.26199254
0.32911367
0.36179515
0.33328837
0.23138838
0.0043215718
0.30150118
0.4028146
-0.046888846
0.38087138
0.37109017
0.32941426
0.35527235
0.35527235
0.35527235
-0.033148993
0.33969522
0.29276782
0.41248181
0.32860139
0.34344794
-0.029587485
-0.080476226
0.41649951
-0.0056834637
0.30866261
0.43410069
-0.066806764
0.0077178476
0.018584534
0.47129039
0.033148435
0.016589829
0.041225221
0.039109123
0.045946004
0.04812557
0.44159789
0.048309516
0.043804555
0.52301559
0.046647183
0.058214535
0.056569618
0.051568694
0.05626289
0.051614335
0.065655954
0.0037183528
0.071933449
0.070086979
0.069909404
0.089535693
0.076342346
0.077525699
0.048485132
0.021211858
0.077638653
0.022851519
0.061899859
0.48776034
0.061504247
0.047898263
0.049811309
0.040147209
0.024243199
0
0
0
0
0
0
0
0
0
0
0
0
0
0
0
0
0
0
0
0
0
0
0
0
0
0
0
0
0.59715528
0.32055143
0.20433424
0.1245937
0.36546294
0.41816497
0.50255765
0.77035515
0.77035515
0.77035515
0.77035515
0.7028079
0.7028079
0.19833579
0.65613083
0.65613083
0.65613083
0.65613083
0.701768
0.14911325
0.33945152
0.44951026
0.50595985
0.57304561
0.57304561
0.57304561
0.55517521
0.55517521
0.57960145
0.48453001
0.45143168
0.32215758
0.52713287
0.52713287
0.20867052
0.37755647
0.23818106
0.25954557
0.66125755
0.56387149
0.48902015
0.6890133
0.18336045
0.12726666
0.49959263
0.36544133
0.62516505
0.47924763
0.48873965
0.44386253
0.34549968
0.69689277
0.57359813
0.69521051
0.49489808
0.20468261
0.5164679
0.20484718
0.42653875
0.58341964
0.4789017
-0.073023519
0.74622724
0.5332667
0.30543153
0.25300151
0.74244335
0.52794335
0.48914316
-0.031832224
0.42380707
0.49468284
0.79021994
0.44549242
0.70121216
0.34195913
0.76018666
0.3561355
0.67640566
0.24487
0.67023667
0.52276086
0.74945535
0.29193955
0.30856169
0.45841831
0.34773596
0.59484319
0.66963639
0.17790399
0.23773959
0.63219328
0.28567887
0.45111799
-0.03078422
0.71504098
0.56184176
0.030101873
-0.0051253404
0.44543611
0.41447815
0.056003873
0.59154545
0.3254378
0.71173871
0.058456621
0.053623025
0.66775582
0.38450935
0.32162677
0.38883162
0.23492837
0.37508236
0.22689595
0.3848568
0.029105602
0.369228
0.39723669
0.3284175
0.42682282
0.36603948
0.40289079
0.40289079
0.38493673
0.35924526
0.35924526
0.060833854
0.34126314
0.34126314
0.39181916
0.34920792
0.70688685
0.36984502
0.31942361
0.49241143
0.30741926
0.36669715
0.30764017
0.48383113
0.30897107
0.026888755
0.72327486
0.32516851
0.33215085
0.35057077
0.3249182
0.41062626
0.36496925
0.42605216
0.34861846
0.35766422
0.47286401
0.3304466
0.45426253
0.42987824
0.019204379
0.50868585
0.079953828
0.062273414
0.079862461
0.47027686
0.47288318
0.076759355
0.34690559
0.077163474
0.35598311
0.082988338
0.085937192
0.086395618
0.0025038334
0.38872891
0.38812298
0.055100991
0.044007882
0.035028009
0.046244752
0.053417576
0.043237133
0.040578239
0.055479019
0.050944251
0.036727235
0.040071366
0.044855093
0.031071728
0
0
0
0
0
0
0
0
0
0
0
0
0
0
0
0
0
0
0
0
0
0
0
0
0
0
0
0
0
0
0
0
0
0
0
0
0
0
0
0
0
0
0
0
0
0
0
0
0
0
0
0
0
0
0
0
0.20948035
0.29205831
-0.23783285
0.79400777
0.54170469
0.57269044
0.6027844
0.21512032
-0.05778301
0.60801394
0.30346664
0.54620292
0.49317408
0.46422523
0.69475091
0.57637397
0.5954008
0.81527605
0.42551262
0.48229877
0.75105663
0.31370225
0.3089524
0.67101039
0.70733745
0.70733745
0.70733745
0.70733745
0.70733745
0.70733745
0.70733745
0.70733745
0.67536277
0.67536277
0.67536277
0.46352476
0.65078958
0.65078958
0.65000483
0.69218809
0.63119844
0.63119844
0.63119844
0.63119844
0.63119844
0.18140508
0.60643986
0.3631806
0.39113896
0.61513149
0.61513149
0.61513149
0.61513149
0.6145112
0.60165143
0.49477143
0.54737554
0.59012925
0.59012925
0.59012925
0.15246414
0.59147226
0.73859386
0.45481942
0.48196045
0.56588529
0.33708567
0.44273077
0.48819721
0.52511937
0.71918808
0.37137732
0.72469099
0.2802837
0.46869239
0.34518504
0.46318556
0.30618787
0.54421711
0.44094536
0.46593706
0.63900885
0.59658253
0.40018305
0.61734238
0.60895542
0.46465219
0.72070101
0.81274827
0.47010201
0.015740829
0.42147143
0.84461994
0.57860916
-0.08018694
0.4834565
0.65499994
0.77379082
0.45021622
0.63759147
-0.031671218
0.52417513
0.65727166
0.44370188
0.13060633
0.6415326
0.65940466
0.57707254
0.21912253
0.65238199
-0.012063452
-0.012691411
0.62882512
0.69020878
0.66787872
0.079957033
0.7532515
0.7532515
0.38592248
-0.011537887
0.58567675
0.57471141
0.59064128
0.44714933
0.57326486
0.75429966
0.47736167
0.0015193568
0.50567534
0.59238245
0.31564641
0.56761618
0.22952873
0.46569386
0.6881271
0.54847727
0.54847727
0.54847727
0.53313634
0.53313634
0.53313634
0.453515
1.0131674
0.019819565
0.012309839
0.52049056
0.52049056
0.57971073
0.50096447
0.4874037
0.50982848
0.68134292
0.21776505
0.0023081659
0.50889011
0.29954647
0.65086925
0.57587668
0.50412551
0.62173946
0.62173946
0.60680355
0.64673603
0.52445772
0.5884186
0.5884186
0.1978863
0.56390424
0.8316851
0.73983374
0.54494538
0.63229086
0.52973029
0.15792489
0.036843249
0.021378806
1.0466678
0.2120314
0.50655989
0.64080348
0.6139397
0.21291293
0.41536954
0.44133074
0.58000832
0.27595406
0.67236974
0.55445037
0.52546756
0.04972041
0.28986714
0.33026483
0.49686506
0.53692873
0.068090107
0.78775424
0.63944469
0.58764917
0.042904427
0.074966835
0.031098985
0.5522941
0.050625942
0.30903862
0.25024571
0.04069772
0.68424186
0.059884824
0.86547021
0.089356809
0.072008945
0.47434067
0.087498717
0.46472085
0.046893843
0.062744275
0.079273353
0.35131433
0.47725378
0.26111219
0.09427659
0.09250719
0.43013412
0.080392152
0.088790808
0.08629985
0.078146133
0.088584115
0.4784501
0.088787076
0.57925936
0.54976791
0.35867554
0.096291827
0.28756661
0.089767154
0.093874374
0.098556675
0.096250635
0.10550748
0.28533693
0.25304755
0.33615
0.28540278
0.28082782
0.08403294
0.10734951
0.22945151
0.33439842
0.21919615
0.22997543
0.34250784
0.31441662
0.31441662
0.31441662
0.31441662
0.29670667
0.29670667
0.29670667
0.29670667
0.073785527
0.28415079
0.28415079
0.28415079
0.27457022
0.26688255
0.26688255
0.25501428
0.25501428
0.24598404
0.31088385
0.11005835
0.23153136
0.22733101
0.091251886
0.090940273
0.076584857
0
0
0
0
0
0
0
0
0
0
0
0.30881357
0.56683882
0.20138784
-0.1476156
0.32118969
0.52794574
0.36667519
0.59723818
0.49568061
0.62348808
0.45693083
0.76461421
0.76461421
0.75889491
0.71900069
0.71900069
-0.22264038
-0.055469916
0.63241736
0.63241736
-0.055530076
-0.15013803
-0.085650187
-0.064047065
-0.050912816
0.48035774
0.43220164
-0.01623505
-0.018876235
-0.13882764
0.67032631
0.022647841
-0.11271286
-0.015996354
-0.093177421
0.60862973
0.52940941
0.71666804
0.48777576
0.43083855
-0.079558763
0.02776164
0.85543515
0.47767579
0.76656056
-0.01425982
-0.035529231
0.032617047
0.71011639
0.51342953
0.85050035
0.72669454
-0.014397817
0.61596918
0.037129258
0.66555206
0.48889611
0.5329688
-0.0078574147
0.56676422
0.48072255
0.0034263189
-0.020551499
-0.00039060515
0.013187721
0.70102248
0.01427853
-0.0054213033
0.020044351
0.58441021
0.011668979
0.013797817
0.75363374
0.59212038
0.57022209
0.026765961
1.0425453
0.59487362
0.59645506
0.05108037
0.040905165
0.65977913
0.047250915
0.62519101
0.059680429
0.62251045
0.059012166
0.060970037
0.066062369
0.063624024
0.069044414
0.069352977
0.064141281
0.063521796
0.069408079
0.077105696
0.067382349
0.083336921
0.080388243
0.5541265
0.082583467
0.08373593
0.068543626
0.73271621
0.090522823
0.068444902
0.088106517
0.089067896
0.07128783
0.090548465
0.087720221
0.088334095
0.094093778
0.092681841
0.089999892
0.091903347
0.091615895
0.089101242
0.088431542
0.087462529
0.086334173
0.084630379
0.082850346
0.084523158
0.5904185
0.48983098
0
0
0
0
0
0
0
0
0
0
0
0
0
0
0
0
0
0
0
0
0
0
0
0
0
0
0
0
0
0
0
0
0
0
0
0
0
0
0
0
0
0
0
0
0
0
0.3620265
0.50476835
0.27369361
0.31430027
0.49212658
0.64138337
0.62679568
-0.12297807
0.40861155
0.10589207
0.42480934
0.3519879
0.40598816
0.32708676
0.46631304
0.18730156
0.44191141
0.42571579
0.42571579
0.49207302
0.3945739
0.67024703
0.25930841
-0.014211085
0.44123648
0.21934966
0.1134851
0.19602405
0.38637148
0.3364757
0.28517244
0.29023744
-0.089015857
0.19864931
0.32435456
0.28814708
0.43800684
0.48763554
0.42081199
0.5128964
0.37673498
0.37673498
0.20818458
0.36377899
0.36377899
-0.0081959704
0.12187462
-0.10324265
0.30189089
0.24520606
0.33884166
-0.028881041
0.082668125
0.33789723
0.32804173
0.44213937
0.15249987
0.015898927
0.0015409035
0.39474377
0.48951315
0.25815962
0.23334227
0.26398972
0.019734545
0.39062927
0.3500601
0.20955533
0.16888966
0.30113766
0.21008592
0.22316623
0.23669534
0.096796752
0.23311098
0.31597698
0.015579867
0.28449417
0.19891481
0.19708436
0.40732357
0.34867872
0.25268644
0.30638679
0.072071384
0.26351816
0.27605522
0.19762961
0.24756101
0.056077464
0.060519547
0.21922864
0.45641276
0.24468124
0.045207754
0.36146626
0.022484938
0.18217807
0.54687863
0.2646844
0.076946563
0.062636523
0.077221709
0.28264032
0.0816262
0.18978065
0.31665064
0.30030175
0.086939906
0.2609684
0.2732471
0.18646722
0.28350225
0.090914532
0.10145841
0.029311847
0.054430014
0.32565812
0.24151957
0.22491275
0.092583234
0.21493725
0.29898853
0.061859379
0.1960685
0.19554087
0.19608812
0
0
0
0.046231277
0.35849492
0.35374068
0.15009408
0.098186593
0.10655331
0.2609178
0.3744534
0.25562742
0.39175864
0.47627503
0.60827539
-0.19965225
0.070162066
0.31514638
0.13135949
0.23304531
-0.070475283
0.2651426
0.331532
0.39745948
-0.11071702
0.22463386
0.18444149
0.39496051
0.13805669
0.91177329
0.3511255
0.20706444
0.52898046
0.58618881
-0.11455824
-0.18440426
-0.079477775
0.16031637
-0.053280102
0.32463462
-0.11980347
0.6368717
0.22242852
-0.036993884
-0.035898813
0.42797149
0.63740236
0.37502313
0.28447814
0.47677553
0.31914032
0.20174597
0.31866643
0.61610856
-0.059546771
0.26528692
0.0013832144
0.49160914
0.004587652
0.46645283
0.35453632
0.30289909
0.09777924
0.33332756
0.37232054
-0.0036533995
0.30541122
-0.088349582
-0.0047978051
-0.005762777
0.27540914
0.28087028
0.6918308
0.0004092284
0.24229344
0.028837152
-0.087340354
-0.045256911
0.019691186
0.036981418
0.1690261
-0.017541851
0.034146513
0.45985238
0.0057490379
0.34505639
0.041642486
0.043589246
0.033412183
0.5025517
0.039713747
0.031532967
-0.076095077
0.23185847
-0.041625095
-0.034498543
0.025558098
0.42060585
0.068019065
0.29041549
0.29046881
0.2673582
-0.019451573
0.027561276
0.25491849
0.023204725
0.33759091
0.49108058
0.24256929
0.045436555
0.023856804
0.047377263
0.069493112
0.063715639
0.07430177
0.35822702
0.069731883
0.053101037
0.054842527
0.27133296
0.34163627
0.28052841
0.33721703
0.048510232
0.2883082
0.0466495
0.35545934
0.31261341
0.062343723
0.020184507
0.061089929
0.068666027
0.30446674
0.3457176
0.061955314
0.068675212
0.079460836
0.10435569
-0.017471864
0.07411417
0.079382773
0.043828825
0.021747161
0.080166388
0.27818542
0.075341642
0.076812319
0.084337576
0.077762999
0.070329524
0.00042540731
0.047576301
0.29702126
0
0
0
0
0
0
0
0
0
0
0
0
0
0
0
0.41058394
0.78085954
0.39780668
0.43116678
0.72449196
0.46450776
0.32495368
0.32535276
0.27831648
0.65373375
0.38942879
0.1987606
0.26943253
0.43992429
0.25869124
0.66907985
0.1881228
0.30819891
0.38768409
0.62559182
0.42685936
0.32846723
0.48556319
0.40273678
0.37537878
0.19965059
0.49727397
0.66004336
0.42153429
0.19215213
0.22605951
0.2127107
0.30716226
0.2710931
0.15483449
0.27097607
-0.045125106
0.72107008
0.66218947
0.66218947
0.66218947
0.66218947
0.66218947
0.21816315
0.31447535
0.31323021
0.48853889
0.43377527
0.18096191
0.18417898
0.59365694
0.38709873
0.33543771
0.41274527
0.36245084
0.31455198
0.31555118
0.2638376
0.32978158
-0.059325375
0.34538185
0.33325259
0.85420269
0.34509122
0.43744789
0.4050841
0.70043092
0.21882509
0.18966786
0.24372766
0.28793677
0.86780221
0.30414671
0.31068427
0.31004865
0.24888295
0.54153832
0.40372687
0.21423056
0.33092552
0.5888778
0.35388076
0.30711925
0.32882117
0.30692575
0.72390605
0.21538269
0.4814686
0.53992628
0.23967094
0.39427564
0.32202863
0.24689935
0.45010024
0.39429189
0.2319438
0.42004225
0.22270637
-0.050293279
0.30392652
0.3697784
0.35684813
0.30815624
0.34585817
0.033796829
0.77229349
0.032375067
0.31813017
0.32290369
0.36299822
0.43056175
0.41745665
0.51441039
0.058478558
0.66542091
0.35696943
0.53680711
0.023678682
0.36140687
0.33294585
0.40511071
0.40570603
0.52004096
0.34475855
0.34268661
0.06165898
0.026382715
0.3188732
0.412152
0.078944125
0.70859825
0.068319272
0.50880108
0.073787153
0.37382505
0.075506342
0.22748666
0.29546922
0.32551922
0.20064801
0.28164388
0.36391416
0.37010594
0.43183328
0.056672018
0.067947502
0.34157845
0.32720669
0.2461097
0.38067136
0.29188388
0.092016759
0.51070788
0.43163179
0.38391138
0.31053759
0.40142592
0.41226065
0.38078315
0.38078315
0.38078315
0.38078315
0.38078315
0.43621062
0.36556188
0.36556188
0.36556188
0.36556188
0.44378856
0.41054074
0.082698736
0.35372906
0.35061203
0.35372906
0.38849106
0.38363356
0.34141856
0.34416916
0.4850592
0.3362139
0.31650093
-0.020118531
0.4951429
0.40636551
0.45540634
0.42429543
0.40781373
0.44217741
0.4639454
0.42570484
0.092364763
0.4115795
0.56647541
0.39863175
0.33209266
0.09316198
0.095737521
0.43867333
0.4311348
0.40124408
0.78671807
0.43925569
0.3883127
0.11208921
0.11167653
0.10672566
0.31035239
0.10956973
0.10609099
0.099690223
0.094427669
0.10212545
0
0
0
0
0
0
0.13332839
0.25279626
0.029037768
0.46929758
0.23338253
0.33996515
0.1305512
0.21438047
0.061088549
0.1546257
0.21848188
0.27367853
0.25664038
0.36348934
0.26561151
-0.0082611888
0.056077741
0.22977833
0.14902122
0.2609572
0.1134118
0.3527161
0.24807558
-0.16314902
0.37752113
-0.11729722
0.34365858
0.36469785
0.35576532
0.35576532
0.35576532
0.26774295
0.33668441
0.34888108
0.3943697
0.34324305
0.39528568
0.33430328
0.33844496
0.28323325
0.36758043
0.36758043
0.30723627
0.33207006
0.32606702
0.35296538
0.35098804
0.33956864
0.38442662
0.41983476
-0.012227555
0.32049077
0.38666723
0.36674426
0.30771634
0.57883668
0.47385571
0.35476204
-0.0090875949
-0.022383885
0.36495663
0.48006824
0.48759901
0.42511313
0.44548361
0.03108685
0.04367755
0.035298724
0.026113488
0.45516204
0.38646114
0.95341598
0.43069722
0.50354286
0.058431421
0.40379213
0.058653084
0.051670521
0.054891318
0.43363215
0.053719128
0.05476574
0.042461425
0.054942524
0.46360072
0.32981342
0.061048589
0.059998861
0.07167148
0.05577278
0.55870956
-0.035255097
0.058843838
0.38204264
0.059189778
0.45046242
0.061372335
0.060774084
0
0
0
0
0
0
0
0
0
0
0
0
0
0
0
0
0.1885523
0.5622531
0.53766875
0.55530834
0.59893976
0.26215598
0.58851647
0.26652867
0.29617476
0.3994808
0.40877728
0.13499731
-0.16678242
0.46773722
0.42514808
0.23149476
0.6617277
0.37801838
0.58629348
0.42756445
0.66321566
0.41729267
0.51174797
0.26087124
0.59295972
0.25540301
0.65061345
0.33192765
0.28759259
0.21215521
0.23399948
0.31464545
-0.072458977
0.27869654
0.5808777
0.33465207
0.61461183
0.63703121
0.25014147
0.41983857
0.3997909
0.72292192
0.57625167
0.43310438
0.21875804
0.29208513
0.3146851
0.40485773
-0.17459772
0.4224278
0.024347054
0.14176485
0.33734233
0.44917274
-0.072878429
0.38615738
0.55895543
0.2857961
0.29500311
0.50339035
0.34657464
0.43006168
0.21713016
0.362396
0.082794551
0.32390897
0.38702559
0.36410908
0.34019744
0.48877895
0.3492354
0.46022609
0.43842375
0.19805975
-0.020530435
0.17998146
0.32303377
0.679711
0.35101254
0.65724353
0.61875169
0.60962285
0.40058436
0.29501144
0.39591264
0.48008202
0.0042528513
0.15956417
0.7078068
0.19657382
0.30203607
0.4090709
0.59141559
0.42609011
0.38354325
0.50769292
0.19240491
0.016166789
0.54726517
0.37994298
0.66158686
0.40468599
0.33022429
0.42639837
0.97602189
0.34117838
0.5223421
-0.013437066
0.011780569
0.14867027
0.073187587
0.0077780647
0.033377699
0.32785263
0.035827048
0.48847582
0.39379529
0.59390177
0.42187372
0.46045724
0.086065884
0.31989313
0.43596234
0.43630081
0.31982515
0.070495855
0.30495462
0.30278173
0.24787358
0.081493719
0.060921492
0
0
0.4476436
0.45631738
0.14228595
0.326937
0.11716007
0.11857249
0.023960254
0.21641216
0.50999237
0.12849948
0.54936685
0.34616282
0.14449568
-0.073646301
-0.16385726
0.062118861
0.15884216
-0.096610517
0.42795044
-0.036621409
0.27781268
-0.090120943
0.08006519
0.22369754
-0.030396961
0.054063856
0.22710376
0.45000023
0.32924678
0.42804598
-0.0031859175
0.013810581
0.01471223
0.033434978
0.018259941
0.040438371
0.18610449
0.15642674
0.17505607
-0.1782088
0.20877296
0.24364455
-0.11315128
0.31552101
0.29362895
0.20736318
0.19866593
0.36494662
0.24723465
0.29711328
0.2819815
0.2819815
0.40465124
0.28604792
0.026486022
0.57788889
0.032068688
0.028463887
0.40295018
0.042492417
0.05294829
0.059214612
0.39416399
0.064819277
0.051873716
0.066778546
0.073471007
0.07503434
0.068264977
0.071494116
0.090077401
0
0
0
0.81957187
0.40385328
0.58624928
0.17198555
0.05791775
0.54513347
0.53262107
0.24735184
0.38955066
-0.20692378
0.21921357
0.25180305
0.27589822
0.31073953
0.30316131
0.044512613
0.31932445
0.61155033
-0.09901052
0.55653055
0.25930043
0.48041778
0.33157926
-0.16410283
0.28392417
0.32372181
0.32469814
0.4044115
0.22787871
0.32677197
0.55541408
0.34621989
0.53311634
0.53311634
0.53311634
-0.14595165
0.46019358
0.46019358
0.28043464
0.43330976
0.45365101
0.40134782
0.42398138
0.42398138
0.41944386
0.42398138
0.42398138
0.42398138
0.3071115
0.3612967
0.40117606
0.40117606
0.46639065
0.38492853
0.38492853
0.38492853
0.38492853
0.38492853
0.38492853
0.38492853
0.25305989
0.3887534
0.32766482
0.46858042
0.37004307
0.37247472
0.36245935
0.36245935
0.43990349
0.45030923
-0.056477946
0.34702724
0.37835694
0.33929205
0.38821156
0.34084937
0.3393457
0.50882939
0.44624161
0.38397785
0.3457093
-0.024632657
-0.02176568
0.47215882
0.40551253
-0.014887531
0.4811294
0.38137174
0.37749192
0.40196921
0.20700027
-0.015248556
0.0080491355
0.40628982
0.0045610512
0.3840708
-0.040610916
0.0030359078
0.39579177
0.38509726
0.013179826
0.41897452
0.43920829
0.031980311
0.0149489
0.39529618
0.0073758767
0.38545247
0.57386403
0.41359643
0.40161274
0.39017184
0.017198424
0.23389556
0.46538632
0.039599559
-0.019127167
0.036648242
0.43887983
-0.0090560202
0.049009124
0.43328518
0.054452091
0.40133528
0.40676056
0.069576754
0.070816581
0.05693126
0.067610071
0.065656417
0.071113588
0.018103198
0.035698636
-0.0099729256
0.033360924
0.018194983
0
0
0
0
0
0
0
0
0
0
0
0
0
0
0
0
0
0
0
0
0.23328419
0.37155188
0.28817912
0.28112409
-0.04908338
0.60420247
0.092365008
0.50222848
0.75128427
0.074731787
0.31877219
0.18998455
0.27611591
-0.32836066
0.50482403
0.18992436
-0.24614239
-0.22860892
0.12308557
0.079821642
0.039647204
0.47993941
0.37410262
0.65800312
-0.10580307
0.54363604
0.29493967
0.58711309
0.20759756
0.32480932
0.53688287
0.47167281
0.47167281
-0.10064471
0.60763246
-0.15363591
-0.15363591
0.38240729
0.60614928
0.53256052
0.080175996
0.53428868
0.35734656
0.34849457
-0.10794701
0.13587712
0.60113167
0.39135716
0.35251734
0.5995232
0.15006054
0.63470647
0.11340324
0.48178372
0.51360629
0.29594524
-0.0067008771
0.080984661
0.5028234
0.28953141
0.49783909
0.093913993
-0.045536442
0.24210605
-0.076086472
0.47187193
0.45921257
0.24965037
0.42316492
0.40567612
0.21574856
0.19878362
0.58042564
0.46040499
0.24328127
-0.014583305
0.19367551
0.34343599
0.18453445
0.52139652
0.26916487
0.24280671
0.053613792
0.75391553
0.47393885
0.21722941
0.01381898
0.19174533
0.5752201
0.54084443
0.047571983
0.60587066
0.1534647
0.42495482
0.34105876
0.24798242
0.212522
0.2975537
0.35336972
0.019748758
0.39551177
0.29857743
0.24956832
0.28402592
0.30527759
0.62946716
0.25189513
0.2453669
0.27642013
0.31784396
0.41476555
0.20754061
0.3130857
0.37802264
0.42461535
0.27207894
0.49763066
0.43710658
0.25177108
0.2677347
0.30834561
0.4271641
0.2967657
0.038458776
0.24491208
0.38156554
0.34139521
0.26348488
0.25943314
0.24893892
0.33304946
0.27104015
0.29706741
0.18781943
0.27244361
0.25084736
0.34334166
0.24371136
0.31378038
0.30142383
0.44795075
0.29723287
0.26213267
0.27792168
0.37560077
0.29642399
0.10090687
0.3517591
0.37324567
0.34921825
0.2868671
0.27158031
0.2694543
0.41253405
0.3467475
0.31376043
0.051232086
0.35547936
0.33905632
0.33253394
0.34267082
0.32493656
0.23786759
0.38453572
0.40368282
0.23380142
0.35722197
0.29342259
0.3393857
0.31203562
0.40601214
0.32844668
0.22941506
0.2636637
0.30383962
0.27118781
0.27582549
0.07011667
0.52578149
0.34049866
0.32964483
0.29933476
0.27012271
0.35166601
0.32362402
0.2730189
0.27907219
0.076982774
0.36092168
0.34905302
0.30757774
0.2875824
0.2875824
0.2875824
0.2875824
0.30400237
0.27522064
0.27522064
0.27522064
0.28785062
0.26648617
0.26648617
0.26648617
0.26648617
0.26648617
0.32838924
0.25980008
0.25215986
0.25440301
0.25440301
0.25440301
0.25440301
0.24988291
0.24599293
0.23805884
0.099172896
0.37582577
0.28008444
0.26787932
0.29146548
0.30224391
0.18553435
0
