Round	FeatureID	alpha	TrainPerformance
0	38	0.142956138806924	0.458546805842506
1	38	0.135622797062661	0.458546805842506
2	38	0.130393714466773	0.458546805842506
3	38	0.123903746147858	0.458546805842506
4	38	0.118720885159552	0.458546805842506
5	38	0.113216717479514	0.458546805842506
6	38	0.108327350408161	0.458546805842506
7	38	0.103565469126235	0.458546805842506
8	38	0.100057697979251	0.458546805842506
9	38	0.0961778942279305	0.458546805842506
10	38	0.0924762907156746	0.458546805842506
11	38	0.0895410972405341	0.458546805842506
12	38	0.0858741023331194	0.458546805842506
13	38	0.083242718840034	0.458546805842506
14	38	0.0810701728118662	0.458546805842506
15	38	0.077993242184863	0.458546805842506
16	38	0.0757122788930712	0.458546805842506
17	38	0.0737454375061074	0.458546805842506
18	38	0.0712327006436822	0.458546805842506
19	38	0.0692119089024751	0.458546805842506
20	38	0.0674643727332305	0.458546805842506
21	38	0.065199879244099	0.458546805842506
22	38	0.0635155343055682	0.458546805842506
23	38	0.0617955267868278	0.458546805842506
24	38	0.0599815492575432	0.458546805842506
25	38	0.0584644053775022	0.458546805842506
26	38	0.056726169267348	0.458546805842506
27	38	0.055354031920089	0.458546805842506
28	38	0.0539838589528025	0.458546805842506
29	38	0.0526859589013057	0.458546805842506
30	38	0.0512792181846776	0.458546805842506
31	38	0.0499150940239961	0.458546805842506
32	38	0.0490551951056163	0.458546805842506
33	38	0.0478585985623617	0.458546805842506
34	38	0.0466338027142561	0.458546805842506
35	38	0.0455390619264896	0.458546805842506
36	38	0.0447390542083152	0.458546805842506
37	38	0.0437348528940756	0.458546805842506
38	38	0.0427452622340814	0.458546805842506
39	38	0.0417175892199925	0.458546805842506
40	38	0.0410148416027904	0.458546805842506
41	38	0.0400822655735691	0.458546805842506
42	38	0.0392370572713782	0.458546805842506
43	38	0.0385150800674983	0.458546805842506
44	38	0.0374698723041171	0.458546805842506
45	38	0.0368640126580217	0.458546805842506
46	38	0.0361624843284359	0.458546805842506
47	38	0.0354023519486518	0.458546805842506
48	38	0.0345999120510726	0.458546805842506
49	38	0.0339894222049936	0.458546805842506
50	38	0.0331903832118505	0.458546805842506
51	38	0.0325420157575859	0.458546805842506
52	38	0.0320926106999125	0.458546805842506
53	38	0.0313933922723119	0.458546805842506
54	38	0.0307241216601451	0.458546805842506
55	38	0.0301147816274203	0.458546805842506
56	38	0.0296635227081787	0.458546805842506
57	38	0.0289819035903799	0.458546805842506
58	38	0.0284574526820248	0.458546805842506
59	38	0.027831598312248	0.458546805842506
60	38	0.0274767802991629	0.458546805842506
61	38	0.0268460389844042	0.458546805842506
62	38	0.0263245372329877	0.458546805842506
63	38	0.025896748186377	0.458546805842506
64	38	0.0253548069357219	0.458546805842506
65	38	0.0249429482180352	0.458546805842506
66	38	0.0244901781520974	0.458546805842506
67	20	0.0240450849311059	0.458695498121406
68	29	0.0242522100421932	0.45906719023722
69	38	0.0236713658782185	0.459051821303645
70	29	0.0237003042412796	0.459297918999802
71	38	0.0234085763802659	0.459286829615612
72	29	0.0231101141197178	0.459700723638032
73	38	0.0229154304114517	0.459700612490891
74	29	0.0227493496264952	0.459939959480769
75	38	0.0226589469267287	0.460036423136333
76	20	0.0223172784900774	0.460123241298845
77	29	0.0221208816882895	0.460240522140492
78	38	0.0219794690268793	0.460216941243721
79	29	0.0216113262689105	0.460671773024327
80	38	0.0214256094612614	0.460624633966828
81	20	0.0211839135308779	0.460679788212161
82	29	0.0210527712859827	0.461438253798833
83	38	0.0209148797798102	0.461417106987339
84	29	0.0205704624265326	0.461876563188038
85	22	0.0206446795428399	0.461913446554764
86	20	0.0202753982375385	0.461910350185341
87	29	0.0200789742660278	0.46196292930635
88	38	0.0198949476806669	0.461944953600125
89	29	0.0198627903808854	0.462048462496671
90	38	0.0196422409363737	0.46213452517366
91	29	0.0192868695980172	0.462127562623948
92	22	0.0194032189292497	0.462211962132622
93	29	0.0189913501286857	0.461952644232491
94	22	0.0190543293105765	0.462035457699127
95	20	0.0186653257328678	0.461855458638146
96	29	0.0184732468831748	0.462026781329437
97	38	0.0185092707762291	0.462011324478872
98	29	0.0180764839375782	0.461839033978325
99	38	0.0180313113115816	0.461797165303658
100	20	0.0177896046571067	0.461844723856279
101	29	0.0176465620796987	0.462381166017369
102	38	0.0176403914802726	0.462414965155386
103	29	0.0173164634084857	0.462919874871669
104	22	0.0172497475678663	0.462706354001047
105	29	0.0171337546468955	0.463110227376406
106	38	0.017002585179275	0.463150769714765
107	38	0.0166038611462972	0.463023405795036
108	29	0.0168619026432778	0.46319421707629
109	20	0.0165286034828818	0.46305228656882
110	29	0.0162679874716124	0.463456599890757
111	22	0.016251959709416	0.46357772136449
112	38	0.0159935682470688	0.463547772260098
113	29	0.0159499497325936	0.463651494464204
114	20	0.0157497687863991	0.463638015564598
115	29	0.0156299438330318	0.463344587952826
116	22	0.015666789640787	0.463261299943691
117	38	0.0152555617812725	0.463278304512913
118	29	0.0153273741961918	0.463342393523923
119	22	0.0150877301786789	0.463380259175198
120	29	0.0150710004556021	0.463484725900732
121	38	0.0147993744592773	0.463513480326557
122	29	0.0146935686920966	0.4636248728082
123	20	0.0146170576671558	0.464230461061258
124	38	0.0144011610156279	0.46397829462232
125	29	0.0143959861856144	0.464334850643903
126	22	0.0143446726461127	0.464324982287645
127	16	0.0140865475239391	0.464073074929769
128	29	0.014115292860821	0.464034817913508
129	16	0.0139893978297316	0.464125423860065
130	20	0.0140236920623459	0.46415535808995
131	29	0.0138461909433793	0.464107899716945
132	16	0.0138379764456634	0.464340373882198
133	38	0.0137488884720327	0.464373798006088
134	16	0.0136448058493463	0.464422867432012
135	29	0.0135456529053079	0.464555282209971
136	22	0.0134902453941192	0.464543267800818
137	16	0.0135193633036704	0.46452337220802
138	20	0.0133651550235181	0.464542709311231
139	29	0.0132887940365638	0.464782760604741
140	16	0.0133752429794424	0.465009483669406
141	38	0.0131801066203751	0.464994347399718
142	16	0.0131648245905204	0.46500311905263
143	15	0.0129951234916456	0.46487130747536
144	20	0.0130048357325374	0.464833215211713
145	29	0.0130377580386061	0.464866834920255
146	16	0.0129928289095747	0.464886962140433
147	16	0.0128247510405211	0.465089233955106
148	29	0.0128595263144234	0.46503001518075
149	15	0.0127491297917292	0.464986717745665
150	20	0.0127441299529082	0.464974936532341
151	16	0.012690209744156	0.465068581670201
152	15	0.012628113386913	0.465511444739462
153	20	0.0125079523859532	0.465383854869188
154	29	0.0126974789197561	0.465467672145558
155	16	0.0125136508428331	0.465538576439819
156	15	0.0124279808111875	0.465535976455071
157	29	0.0124802193698364	0.465743200254672
158	38	0.0123989317618718	0.46552507289946
159	16	0.0124313950105236	0.465505528733392
160	29	0.0122204419824462	0.465890984916155
161	15	0.0122291256725661	0.465830032174826
162	16	0.0122341833874689	0.465849181519577
163	20	0.0122691100642083	0.465748454014633
164	16	0.0120555553344193	0.465538732394983
165	29	0.0120432153259498	0.465620443556589
166	20	0.0120302667422857	0.465598950705669
167	15	0.0119890805218559	0.465456036030632
168	29	0.012018330148789	0.465652640693011
169	16	0.0118680884880708	0.465478393513211
170	38	0.011858806773204	0.465458607151379
171	16	0.0117688953160057	0.465368401201891
172	20	0.0118006316389208	0.465216872464272
173	15	0.0117561969888556	0.465387108817961
174	29	0.011709276153182	0.466492393871625
175	15	0.0117232250309011	0.466096754877839
176	16	0.0115469791184593	0.46604673074356
177	20	0.0115228462336085	0.465849835597927
178	29	0.0115236926964144	0.466237250107026
179	15	0.0115785825879584	0.465847690630505
180	38	0.0113100574201266	0.465848470205141
181	16	0.0114931909929016	0.465788589327006
182	29	0.0113840692503248	0.465988188159408
183	16	0.0112835409564243	0.466014981562574
184	15	0.0113131811377225	0.465884984547016
185	20	0.0112394313949523	0.46587257254736
186	15	0.0110533412317944	0.465834437931505
187	29	0.0111831181875543	0.465914379600317
188	16	0.0111670054047567	0.465983876953143
189	20	0.0110720295797457	0.46598791007765
190	38	0.107348702732018	0.465782305084467
191	38	0.105298384601872	0.465543908831687
192	22	0.103357142279236	0.464842358028834
193	38	0.0999440419944643	0.465033781685583
194	22	0.106306980410795	0.4651209707115
195	22	0.102994700682982	0.46493302289888
196	38	0.0998417839354993	0.465105812892921
197	22	0.106037849668185	0.465006695493068
198	22	0.102765931134071	0.464826012379316
199	38	0.0997498584823362	0.465233119372741
