5.93556065666273
8.62636172927152
8.07296601831269
5.32746158784607
6.29087851834077
6.05002478540781
6.87613499721712
7.87132038944679
5.32562396078029
6.34482304908195
7.27924047783943
5.80428218533426
5.73843725307206
6.08069299095693
3.79491292805611
5.85224597273367
3.68872829646143
4.44382671686515
3.20683145116793
6.03412319953145
5.57577010457019
7.67392751804494
4.54709279586214
4.3751071150314
5.15425844476195
7.72061011141447
5.13354236766453
5.18975983236971
5.26832783422435
5.78882165566324
3.98870279313624
5.26560564578187
5.19488776649473
5.31219969433275
3.51819347776972
6.57985113567558
5.40422724310604
1.60180845741659
4.96049621054003
7.10352630565373
4.35928782492263
6.07628176917805
5.34295949497289
6.37349018322909
3.49762311670289
6.88137237986918
6.88840355023427
1.4758554713932
4.16645784990905
5.464721696647
4.88468333853441
4.81070402956384
6.80862644182205
6.24079217100146
4.91764015693049
6.8480407696886
5.76627710342608
3.84953812540777
5.17142331079231
2.7700047536527
4.97242668456996
5.47815423140102
5.32027492752606
3.71984104594548
5.66598297271349
4.75339150962336
4.08286704548368
6.60375484646129
5.46799538815231
5.72457960519893
1.37995466743611
4.41860969774333
6.00273780391595
4.51370355204197
5.81238275925532
4.9889934096933
6.80862261741609
5.13239333572515
4.61719864879265
1.45880626960501
4.81354556319521
2.26457316144465
4.90541544326608
1.42653975648545
7.19854203248241
5.40190873739445
5.12214664965061
5.00367399350006
6.03131415872098
4.15038334079466
5.0401385070779
4.98856185333271
5.21256254921916
3.16589987998127
0.845914618601893
3.09128386607608
4.19858779821968
3.8510509492685
3.58718373022887
5.04400940169061
3.1724736475635
4.31022821247237
4.48582198791046
4.38331807950613
4.88037514521579
3.99218505826231
5.94554338711573
5.37820216051998
4.9009924280968
4.30958162031429
3.69003171365789
3.49131882936143
4.559468306012
6.17694562563292
5.50125533112524
5.98167528150927
8.26319630373114
3.46093143192295
4.69088539070695
3.42259701249558
5.31590189616887
3.54640135011218
3.90356621709119
4.59738631369536
4.2988245289272
3.68868169835255
4.55653612541651
7.00497546121579
4.89175597585174
5.17266815493364
4.20510676573572
3.74195949783915
1.18494629512101
1.15142155243925
5.89583722427884
3.77083758727447
3.65461580222686
4.87725765284164
3.11111144013882
4.08709898310285
0.782123527119833
4.89906834352567
2.70103674650641
4.59085422830859
1.14469824675427
2.41364030642003
4.7956989727635
0.872052521163891
0.817919966944298
4.98086463481649
2.93239318368643
1.23753761373705
3.84829786893929
0.910770807144969
4.80606633581895
2.63291451526995
1.93525611681957
4.55704839178847
1.10762063093181
4.19877998110796
4.54783922222679
1.15068726649413
1.052765263985
3.87373728656578
1.00526231750426
2.50485363349523
1.02936754829631
0.607397891835609
4.8802923189742
2.64800148606287
2.46540790582893
2.10478334955562
3.5254965732271
3.428530672209
0.894725511922368
4.12515467127875
0.506439310990935
1.823437442309
0
0
5.51197592516375
5.64299882045233
6.719154420987
7.77857544252282
4.92123949690084
1.32782801414472
4.65289516819761
4.65225075579265
4.22029774926056
4.94426815741398
8.01801252477032
4.41585296722216
5.54128986350997
5.75648708693047
5.29726008239725
2.57404677208184
6.85372512341017
4.71038278627029
4.19586357514921
4.65153091509093
6.95881544320257
3.31192290256615
4.7046308797002
3.86554967643176
4.86119080682454
4.57546539266692
4.54572489968669
5.65602375364043
5.81605412202513
4.9874669551519
4.61678236250064
4.53518674905247
4.58662118486436
5.55668512515992
4.68060022482445
4.89659524503768
6.9421907504764
1.03910448588104
0.873605229985338
6.29627264370385
4.40422327203859
5.23440979478237
3.3630929294005
2.95993034828987
4.04847288149376
6.46377206391881
6.46377206391881
2.52006536016283
2.749582726786
1.01084786241491
5.45010629116056
1.04904029257591
5.08122800397204
5.58553040372392
1.0133126920588
3.09162348493817
5.60709814115876
3.83463767768282
5.19287674601168
0.967932290888171
1.03423028047973
1.05158352254207
0.943425497469883
3.32588465137533
0.90059406287436
2.77297043832633
3.26918196136849
2.2170177588344
1.11149284197052
2.84236619674885
6.20906662670627
5.20968118581816
2.45063785551233
0.895098391503873
3.65016877898716
2.71233639396768
3.07751452859413
2.04230516276331
5.58125663005898
1.02867724301978
5.48283936697749
0.830054807068553
3.58410972932681
3.89569090156524
3.14977876510028
0.878580782144699
0.805825283082667
0.929018960202922
3.20056058830297
0.859129853411021
0.997034108072388
5.10912990420867
0.785837025311025
2.43430883541013
1.82463258772178
2.70813728481627
2.21693139196123
0.891212795044294
0.77375763907325
0.782278415561381
0.690888498439017
2.59835683264459
0.701390317216579
0.72566955848
3.34425637267606
0.734528794895958
0.795944930274279
1.97332254691868
1.86732332074825
0.614863132277634
0.70875038649459
0.630812817351131
0.701227779963102
0.670990114207533
2.40753949661657
4.01621791454797
3.72405888901064
3.31429980075886
2.31939024296616
0.489936999255618
0.402901168323441
4.7735194155127
2.62794383673663
0.521409948137609
0.278422490799231
0.293115858513504
0.0963138398012106
1.27496126563743
0
0
0
5.47838858851495
6.39294712951008
8.89499916709611
7.97803461557792
3.31384181863672
6.91197677417721
5.34868258105894
5.36007548642614
4.21450632429252
1.47560114839658
5.25227121890564
4.67279433134179
3.78665555015808
4.13376397489766
4.90188444546027
3.43846570651844
3.21970593716471
4.84861948334071
1.34940722479745
4.50754674573342
2.89226674465863
3.65064628865195
3.15813192183363
3.2285017981474
4.7431563003241
4.03546173040976
2.61617624728411
5.23586095324165
2.76868804607067
2.85489622363315
3.29117274436313
4.48303943259442
5.56062680870013
1.20081757987224
4.05146984461916
2.84440009297833
2.24111189767761
3.36466805683117
4.01708354754903
4.72538428580868
3.53399425793337
3.48305640891686
1.16150268656076
2.62498249714983
2.86766190842914
1.0912139293456
3.26303820637926
1.12588599381661
3.93310575869778
2.06384591072453
2.60002806685478
1.12192390923774
0.912396179679734
3.15884239330585
2.29475410909334
1.232741808658
3.09701949142003
3.17337189754364
2.34414600361518
3.19027194749923
2.17839082102506
3.92970889923225
0.98613072666859
1.07718027166014
4.3654598795074
1.96329462911504
4.38114973351754
3.01693776894659
3.36843222379148
1.87518856818598
3.58948365757111
2.98886471696674
2.79961570350053
3.28592357908866
3.58614183469642
0.986891783455456
3.02207948623229
3.02207948623229
2.48086531362074
3.53775353823499
1.85700386026202
2.21895822392813
0.859548625864096
2.76098537885663
1.89278596855694
0.762093200882586
2.69769879581245
3.52412717978471
3.03712464736405
2.91407654613476
4.27804925679073
1.87524627671102
2.08137057275277
3.0405426295967
2.61509970780789
0.918408145855381
2.6304873590797
3.10525500280029
1.88236810547361
2.85144325883498
0.755532432451083
2.47195854595638
2.34835365368118
3.23310256339562
1.79066497899113
0.693376274518698
2.16418505008544
2.92838345231354
0.594469487473792
3.02671740203629
0.70644809410417
3.07570421803112
0.589996844698716
2.44204691943617
0.771300458241282
0.762320753037453
2.76956945457628
1.91862005064593
0.643268907576375
0.604376611123928
0.611652543470728
0.605099423851153
3.33980802213941
1.69936086402185
0.568006510404841
2.4454855449698
0.636105795205518
2.17901053926997
0.535749558300198
0.596385514861832
1.49598054604902
0.483148678669248
2.00648826778222
0.496214761645774
1.58728477132853
2.87239879697678
0.458555836116767
2.45668423852759
1.52309654529929
0.366787302803951
1.10449373099968
1.34701202585159
0.405719755519021
0.45626501694424
1.55005239433273
1.51374539631205
0.392047504197177
1.56381093473431
0.330009902849681
0.354442120351668
0.33381327458103
0.172031341282479
1.17194245311236
0.748808756228243
0.211810899918609
1.27490801929422
0.210828027585822
1.0982291021857
1.0982291021857
1.55026422073891
0.240010157295286
0.260671510516618
0.744274922957741
0.306950647088825
0.135892617124222
0.872866419733121
0.225708791192338
0.154014564785358
0.171115396054065
0.197039131882071
1.16646581069359
0.139827930861335
0.207986493954457
0.162598443971898
0.134642036373945
0.102704422167309
0.150155739167528
0.115927305788365
0.151016230509463
0.193199428294062
1.42148691091099
0.0889939267858232
0.0465965622672312
0.0601483448012047
0.0232237052173146
0
0
0
0
0
0
0
0
0
0
0
0
0
0
0
0
0
0
0
0
1.71448119372946
4.57902496111564
8.83017283847641
8.28877873158689
8.11340649822251
8.11340649822251
6.4538814336695
5.39543600812955
7.53165670915748
7.53165670915748
6.1292172632255
7.04826609030176
4.19133571928035
5.62245194162508
7.20729903933107
1.57826541430127
5.06086585111798
4.71438553486332
6.10352107955236
6.46366043971984
6.07791091922318
5.94113965448884
4.12979543900411
6.37987272943024
4.94159983892292
4.46824339355204
5.53648694436287
4.42626288928354
2.92059159115099
1.51750134013983
1.49087582581741
3.39858625660359
1.57205840342145
5.52200009457066
7.19145476441334
7.33840484419038
5.45987453188599
4.0590629024012
5.50159688875191
5.97939233517387
7.69205065891906
4.75706783542139
6.32719033729503
3.68823248213784
4.89085762059054
1.39865983700678
4.40589267997688
4.22179293661312
4.21410779282816
4.21328554554587
5.90848402419253
4.82496693023416
4.44694482579015
1.33794165571692
5.71943119193501
3.91582933802879
1.44293307265079
6.98781088343118
4.70995556967421
5.58069123669153
3.3962977115302
1.29843362990425
3.86281159814775
3.35963418865235
3.94685036378685
5.67528033728185
5.11597620318935
4.27344682482042
1.17831477517917
3.60712508217109
3.97265965889035
1.23908076154358
1.20004122546152
3.80162875153324
1.11492333412036
1.17497989317843
4.5233740941484
3.85900596244767
5.03509237365531
1.13853712874602
3.13385487349414
4.44300765677419
1.08908182302059
5.42131874702934
4.21373828670509
1.10286306991241
3.08804279617207
3.32776350155009
3.76772266049017
5.26015254309101
5.33497704577965
1.07254700383457
0.819891448218819
0.752214760277181
3.34105951397226
3.80700600361449
6.32085556364275
3.35062229278971
5.47452579500561
5.47452579500561
5.24163285720961
4.87544783888593
4.87544783888593
4.87544783888593
4.42404297979418
4.42404297979418
4.42404297979418
4.42404297979418
4.06913749720049
3.54226710005934
3.71535793908954
0.759245930642274
3.55800035443012
3.39811294608467
2.83781625485204
3.79167493229827
2.77025356652021
5.45026282359762
0.708123183916469
3.30283442806464
2.81409309398344
4.53149797629691
3.71188443846517
2.27343339058118
0.466625332701128
0.66303917420806
2.60825720082578
0.619515522133025
0.615656696515196
2.26542701842443
0.512017207089651
0.492675273925951
0.49260069800965
2.16907682503736
0.497528445094461
0.38510620737224
1.30095423129593
1.13666470211503
0
0
0
0
0
0
0
6.19715189425805
8.71406460872908
5.69964002832068
6.88307721392078
3.96660241547368
3.72220673046186
8.40696289760468
1.56130034944429
6.04913348879758
3.42297068526571
5.24964130054871
1.67257908978323
5.28749144637592
1.49259680850127
3.86909700792449
6.52497896146739
6.53361447013444
4.65811794061408
4.44486140845628
5.17474604634973
5.03987328697346
7.33804461803933
3.12073361852771
5.9775348725397
6.56048474643858
6.00373779000309
5.98126366835475
4.89827848055668
1.39506107099452
8.61492835732633
5.12740946152844
4.0961762134272
7.54165407936781
7.54165407936781
1.35496599886634
5.49135394916779
1.36895185147725
6.76890913487593
6.76890913487593
6.76890913487593
6.76890913487593
6.76890913487593
5.30696536096339
4.75457068984472
6.17835634192032
2.88515703258581
5.7084559147378
5.7084559147378
1.38555168556465
1.35818423648518
5.14547595530309
5.32343512583001
5.06274257246349
5.00083375089139
5.00083375089139
1.44395418904322
6.30913140105362
5.09526150499377
5.77836363433262
4.08029154325509
4.06883553518948
3.83669855279917
4.06121923071187
4.48774256711408
1.10146907393848
3.97249492454652
1.08467610734988
1.04335148870424
2.69050263324985
1.28791460129984
2.35356434337019
2.60444404930207
0.982988977169038
6.31666930520896
3.69163620838073
3.81287396235664
8.02560269587432
2.53930103031168
2.71428470173793
0.98669291434532
1.03842756602539
1.19910998260925
2.43397888833159
0.992507923613813
0.968486829752973
2.38243278440005
0.933809028673022
2.96496556360779
2.67762742643805
3.94801962442889
2.37590078640382
0.972033966284724
2.66627502146695
0.945993586074811
3.95568092372512
0.928001668216457
2.75674877793343
0.914698472070154
0.928282762054822
1.08139094262668
0.880106720124396
1.23720489041817
3.57975501798611
0.903104785389826
0.808596065203696
0.838566022541774
0.788022673319538
0.837539169540399
0.837435910579368
0.796380912554193
0.743835486809723
3.63259600592648
0.798803673732483
3.79861853383889
3.53467017901138
0.780240007182488
3.41274140344493
0.751568435669239
0.698240918905099
2.90102539150877
0.635339001809705
2.35433318046142
3.11390903730033
0.686966570122779
0.871184381010029
2.71334373474235
2.62973345835702
0.653715272467457
0.65435394826347
0.659360095670546
0.753511233899028
2.08824359804735
0.555684274388342
0.632822542685293
0.642966779505207
0.201479267206452
0.574812040818049
2.33094791800166
2.36785739811495
3.31835604106999
0.457483090243822
0.488598457168165
0.521895647695057
1.79540374723225
0.680535831494057
0.556016997707223
0.323305719194522
3.1896351205112
0.279107059466814
0.459938358872808
0.450939531639157
0.168593200320706
1.69402699970878
0.272347421925175
0.144614174925472
2.44562567718607
0.153957198695896
0.134098970727035
0.175517287318804
0.014242087810503
0.169155387997437
0.0211049843131743
0
2.46099724967832
0
0
0
0
0
0
0
0
1.91220298207613
1.77900083454769
7.02342043322999
5.99217247800799
6.20658588618521
5.9552688726569
5.50684223484871
1.56251268613492
5.96738650295432
8.23026796337037
5.94479191251811
5.14926536240135
4.49289729626533
4.83847505567828
5.94703875102205
6.45103142439519
6.43427670186624
5.90996878401152
7.13682073342706
5.09908915615168
4.52708773180913
5.80963740574497
4.54542767061023
3.3128412941656
5.82638830386795
6.41578569902956
5.79077925993573
6.3614255926551
5.84036268326097
4.50372141267941
5.76156508064632
4.29115022685551
4.73182002215
4.94609854142157
6.38092050205737
4.21332165328203
4.40253040773837
4.47743164477058
5.11391306229164
5.40394276797723
2.86032070340671
4.20539365971834
5.36805836681559
4.09462424911524
4.25192520708418
7.08858732540717
4.00877589623493
6.26671800335883
3.40653238590665
7.04948468662669
6.69603964877165
6.69603964877165
6.26227021922253
8.07829371916689
6.27008539281027
5.02367378274158
4.61387151780958
6.09829661153406
3.24832356555035
4.93511010162672
3.85458620696283
8.0193596232593
4.67352842644439
5.66332328236843
5.23654827831101
1.131605392936
4.40511786459741
6.97745008808891
5.65983947210026
1.36209851598949
6.97166184966216
3.94461741192078
4.257266083799
1.15353644893743
3.46589040485535
3.81949478973976
4.00212332704879
4.20815769517545
4.38646106223914
1.09422182463641
3.64096251302246
4.41684922989244
3.24676830761785
6.16894897708826
3.50838948027512
1.0524554871019
4.17293410788348
5.25929034899212
2.78331442859848
5.66055441245039
3.78548492779954
3.12343376438499
4.31373368408399
4.90140369966166
4.21900098992467
4.05659558466809
1.0444012881414
2.64081132576522
5.60694197744192
3.34048622108781
5.52558700654755
3.03956645379411
6.89028231515096
2.42194313704864
5.63867498592947
6.11131326700551
2.93217591155865
4.33694017947446
4.10122267164966
1.95767602100936
6.12460498993392
2.1978954770546
0.997670871665419
1.00412838113589
3.54116649558534
3.70680542389903
0.998147010207956
3.07119556641256
5.51127637445163
0.981579683571248
3.18994949060073
1.21811345584512
5.56066284086971
2.51150450661467
2.57849454278234
0.97543768759282
3.19636875601156
3.45089705370408
2.96454377143626
0.974860202292233
3.61564247863255
3.21104378025101
3.79212138616272
6.82344317211548
0.920551725398288
4.17062823731137
0.914910726601164
2.59978099121135
0.838250509049732
2.59486854175039
4.64852441629701
2.9512226760222
3.09194057570145
3.91653111721919
2.03266756825004
3.94645460510348
3.70058971616016
3.38318036680651
4.78379745715363
3.90940624890798
2.16204749943728
0.846266463950595
2.58770384860031
2.70942970863954
2.27274460238018
0.537260198656038
0.84011873136322
3.48308451060896
4.41179041778478
0.848622298024513
3.63177144303822
3.14878512134957
5.39264949592332
0.815153009229234
3.19397430222199
2.6473606500967
2.24989947497193
0.780169255672151
2.50126443725929
2.62435023678387
2.91305371633619
2.74334023546002
0.784387575450611
0.792789795353854
3.27106177772868
0.557384222839408
2.56162806676879
0.774530169078009
0.486018895345344
1.99630191973268
2.83201099994188
0.742686252817495
4.02185143306598
3.60836822558862
3.29155210819436
0.762586549251961
4.34398943664931
0.528773841821584
0.46130367180201
0.551563476961968
2.50864665874441
2.28509865692182
2.26680574432269
0.65344182744102
2.84424882863513
0.674848939825362
0.677657966006032
0.655369328046953
0.641423631698671
0.462368768863027
0.712504040948405
0.601902220465122
2.38509811188548
3.69724483926143
0.380212879941108
0.66236607875837
2.69223825257499
1.53534200240399
0.611159195101353
2.73508307259139
0.377509024924452
0.326787840824883
0.576613336027165
3.21181724852062
0.58592958895584
2.08556092628635
1.70149471047094
2.16496920380836
0.521144151923101
0.518994835771247
0.537870191407321
1.93360403559421
0.290723692582927
2.26127758309426
1.51253934261526
2.27561528105387
1.57524451522409
0.268383425143331
0.244274369945315
0.257611985745296
0.2275158230104
0.253768457751323
0.26624558220937
0.207839254324837
0.121813066567196
0.164036420614419
0.185093599853041
0.167614152393883
0.123448000116871
0.102721631994148
0.0529278663408852
0
0
0
0
0
0
0
0
0
0
0
0
0
0
0
0
0
0
0
0
0
6.61249601761599
6.44751030102543
3.99821765815327
8.63682116926812
6.17206893467525
5.54682973070092
1.63930867009808
7.2947468123207
4.69041503460668
2.95236495522089
4.63287111026707
4.39844061002965
4.88450410478277
5.30865700551523
5.10510923320791
4.20181901605497
6.80423966688137
5.8110533897604
4.05082955638726
3.7795534227469
5.07291538380168
4.76970351130284
6.06470603846596
4.14324365658841
5.99040739159738
5.50898312811901
5.00018091897245
4.99611748763554
4.91084123652022
3.98025864222372
4.25494202499524
5.65111871744507
5.37273129799482
4.4146486318587
3.7581959973901
4.41477288694339
4.12805924781807
5.72623005058102
2.56890691251836
5.22468471871652
6.11640746136703
3.98457554746429
3.40342798795505
6.10991170783691
4.15411078619785
5.17891944480672
4.29529829337944
5.40363866485992
5.61045189662526
4.96042772495572
5.29892791169861
5.644619139509
4.38130933475706
4.22717414994
4.41609613140699
2.99949060765095
5.33171791624632
5.66614596726008
5.37878002609293
5.12263044556312
1.38148825422774
3.40843208690552
5.64131485275597
1.24109048687775
3.51100949160472
5.91775368113687
4.23503923015826
4.59493580755301
5.05664414505764
5.05110479658812
5.01410527751837
4.84117708715279
4.05076577603155
5.06059858082457
4.47901190141861
4.40452437120682
3.6269663021741
4.19786787828053
5.99720646407335
3.32020987805317
4.80285039191989
4.19622338371595
3.27617839205619
3.59786224845601
5.36282734705535
4.15963471196777
4.53814335908628
4.97822278855971
5.81804643007369
4.12857155441308
3.86592144022348
4.09326463855202
3.40363475329422
5.02421700688759
4.14284997408024
3.80597853225938
4.52312260680111
4.04829344881956
3.85005521442389
5.29648728899818
3.9012985811814
2.12670747768693
4.11938239912857
0.45100645874353
0.202269007038049
0
0
0
0
6.83726522697919
6.67346856236781
6.67346856236781
6.67346856236781
6.67346856236781
6.67346856236781
6.31156542327552
5.82837099105289
5.99856257555425
5.99856257555425
5.48262241552028
5.71312060512018
6.8333816100697
6.94227456240303
7.56995134064935
4.55512633685539
6.50889669208613
5.53765776755009
4.85012248492276
4.94555693079653
3.51316978508792
6.4466350542325
3.20174480446847
6.43387719942568
2.70103217598709
6.59276560612276
6.05272685146103
2.33435513727179
1.06778179400324
7.86786529017932
6.37551257651716
4.67441419675007
4.83985411276153
4.52151635850624
4.22852649210819
7.81531986443485
5.13786392907252
3.97033171218113
5.77536372111387
2.49361743072427
2.71056680637931
6.23905777171621
4.57696468433086
3.41444848173228
4.59613045727505
2.56582331396994
2.44827819226174
2.20083964927164
0.731452060297798
2.86250852223027
4.53590562435456
2.31200977690755
2.32204884256346
2.22344035918375
2.18175807894624
2.09157509668285
2.38613049126866
2.72148737670812
1.35873142189234
3.61406726238754
1.43976675986676
1.68882608388039
1.86322274214191
1.23561432089926
0.585981218436356
0.570488549875575
1.73335647604921
1.73561960305478
0.599756728719232
2.38576765665579
1.45005431579292
2.23068034599749
1.3528882465206
0.461928962177149
1.90860021773395
0.457980263019162
0.420699953680606
1.39978502356545
0.388835003187289
0.389578850147317
0.299711046598685
1.54524844239806
1.97141200614612
0.407672114763721
1.52487391962404
1.37608184003651
0.372095578282195
0.343575070804529
0.269094764652664
0.314035359137417
0.365179140096025
0.295182949937128
1.72032279991575
1.88844725536278
1.30176024673216
0.33314974014625
0.342900063151856
1.18303046696985
0.23599835543889
0.273146722771683
0.348560183978801
0.277929142429855
1.20783857286152
1.83555189647259
0.219346891870971
1.05617562763734
0.263551288207625
0.284256622097545
0.29819658183688
0.227538769446185
0.241712017949333
1.24941153711921
0.253655637775381
0.263585707861302
0.206965377562028
1.6441119500651
0.20535530265112
0.249387600719387
0.123396370636355
1.37025511677449
0.18420824987234
0.15711998242825
0.140392030741048
0.144807307426661
0.159072341672949
0.0870511285560338
0.153154073443424
0.0362285976984144
0.109982266717091
0.137825854339101
0.0968588176511023
0.0474283705644343
0.0346701522680224
0.142633132636041
0.0694053194374353
0.0291075537931629
0.0904013081806312
0.065682260231333
0.0554137302175842
0.0673860330883629
0.0435618961346764
0.0419919774863919
0.0296601804549829
0.0227284446449569
0.0404775127245876
0
0
0
0
0
0
0
0
0
0
0
0
0
0
0
0
0
0
0
0
0
0
4.27530945093884
1.84985177943958
3.26968254100536
7.49232488006058
3.24228200126198
4.42066949888507
3.43422356834845
1.4405103114725
5.58373186379572
1.39472834767564
3.94593601744321
3.80093509553903
7.64071697441958
3.20095010215902
1.25210477605451
1.51067477549382
3.36614996417965
1.59239850654179
2.96358830819333
1.20843579655283
3.92035677239096
3.85395421752195
6.33169719570725
1.19719777962717
3.63140208998922
2.72124169151313
1.12601411141641
1.14624139456081
4.32336183920378
3.58579635187294
4.14748070764778
2.68906671147753
2.81310917477417
2.82463975875609
3.33772978040793
3.55042450156806
7.98341698793357
3.49991557199949
6.05222225817754
5.6314515529866
3.64545115334602
1.085943897927
0.826467514274179
3.36309430255305
3.10687787615082
0.718609705070175
0.80349813205348
2.45452828007594
6.80485590875997
0.674246595886009
3.46661646926962
2.85424715988587
3.99349038502535
0.72345905183272
3.73405094970503
1.06681804370027
0.602282748858555
0.705170742512144
3.37847347281082
2.7962072126156
2.81826141196617
5.22059878089052
4.0235272694678
0.683677580993608
3.33336078005768
3.15965587770209
1.05928396395089
2.84992175674041
3.68957360037075
4.60630340419523
2.6350223712543
3.2755705110266
3.2755705110266
0.948154375444558
2.6968089894043
2.83761867832498
2.62030862981001
0.655093970817534
2.5271204492174
2.53553761701594
2.32795430348946
1.84422366285876
0.591190059359531
0.556827771771623
0.832804554956779
0.604959833033462
0.490181761237324
2.94042825537302
2.05747246016167
0.637547596254003
2.46267965420844
0.484796997639798
0.527854072187206
0.55016565658207
0.75310775906981
0.3868922049575
0.458527153072036
0.367699423626401
0.459972778526485
2.0591001526618
0.658195564054461
3.8747507308875
0.43498984656566
0.310595305972662
0.344141082887224
0.357434718018617
0.368754959672508
0.303581345434407
1.39855520046261
0.343877198875697
0.328996435269181
0.275678479519952
0.300187185141222
0.237034769455175
0.274473791641244
0.303600467464227
0.232183510489648
1.48888917627975
2.90869222606397
0.221228499605334
0.206661337287878
0.214814970803451
0.243803968011725
0.0559873911122071
0.0553295932863729
1.33291998843879
0
0
0
0
0
0
0
0
0
0
0
0
0
0
0
0
0
0
0
0
0
0
0
0
0
0
0
0
0
0
0
0
0
8.84698744722292
4.18412564239428
5.26852740254884
5.05184566684704
1.6226858895749
6.85402328537645
5.33630786721679
6.79208271292274
1.36541427596041
8.1072274585749
6.89513947389706
6.19749152536689
6.95696099630758
1.4001513553328
5.23959049329052
3.30880969536265
1.52635292774386
6.198716049269
1.00727204283842
1.03942764818502
3.43049333151415
3.34803734789043
2.34117153579208
3.1219797136724
3.47561902784469
1.00257758451743
0.892897445871504
1.16752995036026
3.0792955187065
0.699770681290761
3.64417398410576
3.27188386412925
2.56902616667195
2.64220043818706
0.61031017697731
2.56531529042433
3.37793464151519
3.34086849891063
3.45242642088495
2.31097101092066
0.806263177565563
2.72581725018728
4.2582343690274
0.611535899088821
3.83839452879225
3.04967064328839
2.57136861532499
3.25835038154214
3.25835038154214
3.25835038154214
0.586025199104944
2.86885385765254
2.15188996110104
3.20733745246927
2.585275719672
2.58275769628624
0.63788605618183
0.603269445597307
3.04464257626531
0.554638299357146
2.22588456769546
3.31484532852755
0.624510196322208
0.607476292157874
0.527274674683637
3.21845308840408
0.477989555023607
0.498021793463836
0.494438325075425
0.546652939703996
0.798912669302462
0.427474888846101
2.90436145329723
0.518107573587564
0.503104428990194
3.48904460498185
0.476538192960211
0.460297853033438
0.477729495418044
0.637082930929359
0.495992946099853
0.62407038963633
0.45608144545796
0.269305106980692
0.377250877521872
0.399990795384721
0.392338159050452
0.186319321964552
0.297433612847032
0.279472290236391
0.369361128017826
0.310627813423357
0.268589943065396
0.313813543591496
0.292895955170565
2.84727727975626
0.20012351529216
0.18395966348467
0.0600144905924594
0.0859420508264297
0
0
0
0
0
0
0
0
0
0
0
0
0
0
0
0
0
0
0
0
0
0
0
0
0
0
0
0
0
8.89499916709611
5.56796379299616
4.84642952781442
3.90552612046804
5.03519748466341
6.5481498985081
6.41873964949312
8.76335928940402
8.76335928940402
8.76335928940402
8.76335928940402
7.87369510508251
7.87369510508251
3.62291906855393
7.1939856788159
7.1939856788159
7.1939856788159
7.1939856788159
7.73027605702084
4.38537298030378
4.63501164457451
5.58983606362939
5.68588410721609
5.8405755918571
5.8405755918571
5.8405755918571
5.52501955629648
5.52501955629648
6.40907920002767
5.38249159482445
5.55447560608484
4.12869700484619
5.01385677021466
5.01385677021466
3.4563419340702
4.52413064245585
3.70292220502112
3.68677747524345
7.00207889973773
5.89710999512624
4.29488847822141
6.59311413306646
3.11758377870283
2.98436625742522
5.06633940911409
4.41448538002482
6.77434126118141
5.54923808211693
4.99079018149525
4.90636068322764
3.9568636249631
6.79708882785618
5.55001252432468
6.82582923867679
4.99111334379921
2.89077983796171
5.20693032683706
2.98885037341819
4.21990172873229
5.72747452207625
4.88370872670196
1.19059876713603
6.7382713763305
5.46789105505643
3.86205782302164
3.3014168102291
6.26436980507192
4.90816580284272
4.48201054736966
1.25034746151398
4.11962457086975
4.63838424146612
7.38116133417724
4.25820867911166
6.18448904757985
3.24607755500941
6.7046873553563
3.43975500403262
6.22100830013154
3.31085676066537
6.13061655296582
4.60978724586917
6.62994890180186
2.75143187004888
3.12420696981357
4.05161448088872
2.95921103841055
5.09459413824904
5.67411461996546
2.89037390816956
2.41003392768258
5.32636317574403
2.93603731538154
3.78682479918795
1.08938395109175
5.54686247814872
5.03675764685316
1.04045832559235
1.26932225170512
4.11121964059959
3.04957192775934
0.990492461670705
4.71656880064764
3.11537680454543
5.61170605123945
0.97614711489917
0.96820764811759
4.92431819930411
3.22622945624215
2.87399013399006
3.59747561337836
2.74736405251697
3.50363323883269
2.1216478179021
3.19659779983827
0.680338874586903
2.85789484860291
3.20457168627353
2.46253693294068
3.65159950558574
2.28091776661342
3.32754163564489
3.32754163564489
3.07061404493801
2.68530475594658
2.68530475594658
0.63943302839433
2.40708556255731
2.40708556255731
2.81442091380541
2.40008247134309
5.43211768377181
2.61560561824
2.08152184426331
3.37576422542126
2.03177122030505
2.43459199856061
1.88894323337641
2.88206892321213
1.90898376919058
0.977581267135727
5.40419569582753
1.7565403596213
2.07456746828041
2.10759250709858
1.947175360378
2.60192571810623
2.22393866146533
2.70941611145066
2.13449911525937
2.33463732428153
2.96841844239309
2.18077442742562
2.9765797247206
2.68014602040402
0.578548485445026
3.31321415367457
0.412695471997635
0.687739100127537
0.431658788970884
2.95529881773307
2.90807314068474
0.448960401552709
1.99808699780929
0.353746078466192
1.93620237270036
0.444942863087367
0.336572583484166
0.308723259253209
0.316366334572568
2.23943876840394
2.20143900115905
0.148616415766957
0.147794168484664
0.18434592848705
0.159521709373737
0.164671272004468
0.195616452863406
0.186936963527763
0.0893304745106686
0.0600431736371905
0.186072647779864
0.0994957455633853
0.0148061876902155
0
0
0
0
0
0
0
0
0
0
0
0
0
0
0
0
0
0
0
0
0
0
0
0
0
0
0
0
0
0
0
0
0
0
0
0
0
0
0
0
0
0
0
0
0
0
0
0
0
0
0
0
0
0
0
0
0
5.13316899285655
4.39821324604751
1.80252666783617
8.70716958840614
5.92296535118849
6.65225245339462
7.01404817088808
3.9918739367623
1.76510867988291
6.95061274916068
4.85842955887464
6.39490052725489
6.00250589487345
6.01061554772043
6.46795964078391
6.41966546807575
6.09501445074033
8.78695434563029
5.2924470375035
5.62254105287749
7.87120246082587
4.16427330579191
4.3287350091208
6.92919798796441
7.17511302806834
7.17511302806834
7.17511302806834
7.17511302806834
7.17511302806834
7.17511302806834
7.17511302806834
7.17511302806834
6.62387344893763
6.62387344893763
6.62387344893763
5.08375487357049
6.1741127270939
6.1741127270939
6.15585692522402
6.46928904766361
5.79869510378932
5.79869510378932
5.79869510378932
5.79869510378932
5.79869510378932
3.07869871289496
6.09376417196575
4.39745244941996
4.47629424443888
5.47962254712215
5.47962254712215
5.47962254712215
5.47962254712215
5.46519688782537
5.2044359159723
5.23359836701845
5.57877263882075
4.96417996651855
4.96417996651855
4.96417996651855
2.86782431249395
5.90761664629388
6.86047150058561
4.77455827000396
5.20100740310359
5.25516816108606
4.6375919635329
5.22397998601861
4.75052093504537
5.54160514945813
6.90698583812461
3.91219381213933
6.81841642040081
3.52200957306876
4.53834028153025
3.77633916282623
5.08028631132219
3.30915196070153
3.97677515987833
4.21711643079431
5.07086368309156
5.85894343158812
5.5175190406959
4.16929584316352
5.8543790030699
5.47695547883712
4.81839838358641
6.27294213326105
7.41110538910555
4.20941025277654
1.55230725881958
4.76945363605719
7.95364861683754
5.16076652426692
1.24944107730047
4.76902721479219
6.22592297413478
6.7247165620761
3.92882386354738
5.46069601688053
1.28815171446962
4.76795638112223
5.90516328986788
3.88819911119317
2.46880374858234
6.07782318327867
5.43326737730563
5.3483388269533
2.51126230359636
5.76669302312382
1.27716610833759
1.26614417034891
5.40012698742327
5.75896198646729
5.76736611857351
2.0014300409247
6.68909604492599
6.68909604492599
3.28755144022332
1.24789792949394
4.86668159104521
5.06249506789393
5.12339442918523
4.07002543722522
5.0240062462707
6.16055240298953
4.20976781452621
1.24053212360698
4.66754389618889
5.53918860450542
3.03595903931298
5.11917085207968
2.66264410008014
4.06194476774977
5.45739937893943
4.77608133159306
4.77608133159306
4.77608133159306
4.48940196903095
4.48940196903095
4.48940196903095
4.01761195348651
8.13596587461528
1.19482282352343
1.17757284042212
4.24552409808805
4.24552409808805
4.55818485377011
4.39908104538169
4.07345070854794
4.03501108842042
5.34428683594068
2.55547085954372
1.18665771678997
3.96491355150348
2.98014746966814
4.74924555710399
4.56138221102998
4.03584723690542
5.90263239842645
5.90263239842645
4.55191282798891
5.00873491397398
4.38835160244314
5.38142949955813
5.38142949955813
2.17707655324628
4.96861556937193
6.58008135291782
6.57579801823798
4.63172259772565
4.75117688211588
4.35044270416675
1.9567204534212
1.07503286771127
1.02678607427051
8.04658377062409
2.16398178722502
3.90500334029593
4.98231209316765
4.91429933678303
1.96346117046723
2.80351226226903
2.64837809001048
4.47587025200068
2.38194299954956
5.25595118659732
3.71443148960297
4.11910811280794
1.08479657613775
2.29703483328813
2.78757715615518
3.63950088580528
3.72696789235345
1.14587425158825
5.94635889815525
5.03337938600697
4.68374686835893
1.16425434665196
1.03867997681902
0.971712716183735
4.09609474991865
1.02298079033618
2.32017667533114
2.06725513106205
0.981273731094116
5.06819580019323
0.979677041604083
6.41576383846504
0.973709056097023
0.929449205873889
3.33550037752145
0.965616613076877
3.10310292647273
0.941540065329556
0.940775184136725
0.918274291646636
2.6737504455053
2.7610253497745
1.80659318156034
0.899806235245744
0.901634301296609
2.9056430265341
0.876047113193449
0.889795852634576
0.90085221027694
0.905414726592174
0.868010124059783
3.05176939730944
0.861131929933255
3.64967157392294
3.53444606499043
1.97587593213073
0.84191428996339
1.76751057169889
0.810284540436868
0.812271319335246
0.792405442554457
0.800161337849757
0.675910212480414
1.54005872999166
1.33570363620918
2.35988236396614
1.64027870389944
1.58766964130318
0.464701656501159
0.41116188520601
1.27806005783213
1.97150637259721
1.04088136859382
1.03237389411167
2.49278926440206
2.17826614539868
2.17826614539868
2.17826614539868
2.17826614539868
1.95336917014614
1.95336917014614
1.95336917014614
1.95336917014614
0.271538560063757
1.78236719389034
1.78236719389034
1.78236719389034
1.64681698007489
1.53605561054541
1.53605561054541
1.36452781195963
1.36452781195963
1.23660222173238
1.4807287656607
0.229550406983329
1.31264979871994
1.27372092822479
0.179674416601838
0.0344196536773704
0
0
0
0
0
0
0
0
0
0
0
0
5.96624431288978
7.9379256877578
5.97814586425022
1.65309756580183
3.81786635481088
6.6834716510849
4.57206696466619
6.72875202326913
5.01691866131314
6.55989644589466
4.53833042310735
7.89131139946279
7.89131139946279
7.85997995360148
7.22840085905548
7.22840085905548
1.57986019158832
1.46257713388566
5.87277137805564
5.87277137805564
1.45550771946092
1.54297570826705
1.45441776376114
1.43767069004412
1.38299315797463
5.59772471006506
4.59022687139376
1.2717775203341
1.26819405194569
0.44663133832054
5.53541940030007
0.773717482810627
0.434498410399267
1.25001856260106
0.484722421723497
4.94735976878607
4.13512961469376
5.50051213486227
3.62101903412242
2.98354336624291
0.480163729814227
0.771965904879045
7.3641112378744
3.24787215138077
6.35961295693391
1.22215585294923
0.434907621837431
0.748120733692555
5.63666481159205
3.6387298581424
6.16738683995773
5.41207657134721
1.21064821540309
4.2875991194696
0.741563789667016
4.51034459181752
3.0510288758837
3.24611483684024
0.391286447410311
3.59020388306626
2.99542966197685
0.405344963734534
0.353149471135784
0.374786047877976
0.378893459883475
4.87274369622248
0.405247441382448
0.347206344267492
0.344395405883839
3.53215704934236
0.344712831578864
0.330310118717867
4.84477581540663
3.51843508074298
3.33054095116246
0.348422505364092
7.02518090811333
3.52798653463845
3.51350542145519
0.329239285047904
0.299521738503459
3.9883164063389
0.594989606684917
3.48875960266414
0.305118756631996
3.484613946599
0.268741007100979
0.280453250366196
0.222331840725992
0.256330809747306
0.284847492819007
0.25774392775106
0.252932825048156
0.259856912046254
0.267823149669583
0.250800718723141
0.241539919680947
0.211965788360157
0.226800659095104
2.74834431165053
0.246570925726789
0.217199487922099
0.22274487657012
4.24273369667895
0.15753493047536
0.206410838697226
0.17683097076749
0.162422521297547
0.170601013451886
0.156980391610558
0.191572143556315
0.158709023106355
0.1073568120227
0.118428467288921
0.140722841856947
0.114074381098734
0.0990272558327766
0.117172149929697
0.0773046299563918
0.0816262086958838
0.0608749819343937
0.0715106549207011
0.0801060073251333
0.0460821796650527
3.05264622838628
2.07888874582052
0
0
0
0
0
0
0
0
0
0
0
0
0
0
0
0
0
0
0
0
0
0
0
0
0
0
0
0
0
0
0
0
0
0
0
0
0
0
0
0
0
0
0
0
0
0
8.89499916709611
7.33453157712883
5.4690860977776
5.70733028510643
6.15054872410672
6.41064990928407
6.19951831141145
1.12978115129109
4.85204209934918
2.98046594564583
3.89713172663276
4.55844091431884
4.92010124341564
3.22383292813842
4.88873920230661
3.90672235955367
5.52422632449836
5.0677252258349
5.0677252258349
5.23084377808144
4.11022531960746
7.13391220075836
4.21293979217652
1.20624781801417
4.5741183395123
2.70802095843306
1.60997446867181
2.16879197082139
4.15170722828447
4.22686062988603
3.35181413704951
2.95986540730484
0.597242181797802
2.04903551344626
3.34546944755499
2.96797024228427
4.37190115259531
4.47017450601284
5.30488810195339
4.57794715496938
4.3083606331851
4.3083606331851
2.19366427070269
3.96740420898688
3.96740420898688
0.73190525240455
1.57049187251577
0.792868195676119
2.72771856135143
2.53931839443837
3.25971727078018
0.664836645011212
1.8243364769027
2.91098567467701
2.94113175979981
3.89330251902546
1.81125191896642
0.525964815640915
0.795774744208875
3.12244156494352
3.70600090682042
2.21677694804276
2.58025439900579
2.86486662522724
0.56257202952978
2.86149403709491
3.09664785290298
1.46585038872762
1.92828754394008
2.4187963201953
1.83581225406821
1.78273906030068
2.28267531945822
2.44492328440296
1.79812100553501
2.31248219366138
0.575552063372113
1.88983887857947
1.69127401337209
1.79879774094416
2.7088373415372
2.22727491609256
1.74628673485336
2.56068370494777
0.440713070091014
2.0741114280603
2.48998196001979
1.56079946100848
2.2812340945565
1.37128636995138
0.361371943958712
1.73938368208807
3.54042329568656
1.57433541868152
0.443179811937893
2.96146275088213
0.278223621689095
1.03396335550113
3.94583754303117
1.85046381083632
0.443072728570896
0.199278321574082
0.44531383046589
1.71882783038747
0.408012486894531
1.41666524903151
1.67825115675209
1.77016275880702
0.318420040575317
2.238126369459
1.64577867536815
1.68262774804941
1.72787950435551
0.297705145670487
0.140334664651585
0.110418248997004
0.271238344195571
1.77374246353151
1.24546683453683
1.67951567258092
0.2058161435698
1.45181265833266
1.6728099706747
0.162801137487998
1.00210197295464
0.993479849708453
0.863544790508018
0
0
0
6.35444008287195
8.54755105638933
8.23150551191011
4.30434780131713
4.13121112844281
4.86744666628724
6.71482437620076
6.59682806678579
5.24009939295064
5.13368525879076
5.75582302713003
6.43597952849217
1.23286036524289
2.77728040745822
4.39296784469725
3.08024271598918
3.84150671831753
1.35323545516756
4.5542553112611
4.53605514245794
5.00235902059508
1.12544427492775
3.61912890645177
3.16072388072103
5.70373844230424
2.74432654908285
7.96354501591067
3.87626674412571
3.01720168449282
5.21765533043234
6.17764831447593
0.982727005360494
1.02686256238979
1.08931893619036
2.35895036020144
1.10704697003719
3.91362096742885
0.967792700070479
6.69268626882639
4.55784818428848
1.05335995911242
1.21399265841875
4.46128054877102
6.05836891685998
3.67205766618923
3.15930934387488
4.56453549367298
3.24385536214916
3.428459322703
4.57423193943891
5.55217802422814
0.984184104032836
3.04647298066613
1.03375031753123
4.6200188919546
0.94303540806154
4.04838695512415
3.97455379622393
3.06223444728681
1.98673715272738
3.66245751382264
3.70491660154948
0.839416952868798
3.54210345813076
0.816904587160816
0.91480555543715
0.944591941288949
2.35167493286115
2.73367537433602
5.97013223630092
0.820772973793556
2.6621126364218
0.839761149405572
0.885826119243786
0.875536554997234
0.770965822719419
0.819516656434332
1.88129911810147
0.862474296426672
0.888130323837188
3.48100277401207
0.735970595944443
3.32772263567244
0.73588454681025
0.750637192816968
0.627845078322949
3.62214851311271
0.731616509754257
0.891665987151047
0.478991549386214
2.21622144735001
0.641220938182572
0.576485218427366
0.721827942689009
3.21238620060554
0.568366004565471
4.00602671629987
2.27558770113154
3.2048994666772
0.622416334056835
0.571536437109753
2.71823624745874
0.612283570454813
2.3637176777917
4.10308233448218
2.59182295268117
0.632218286542957
0.621475530189653
0.517568332346618
0.591492187430699
0.390911655625824
0.529953671061525
2.77962793198756
0.581713181380362
0.300309566132074
0.291584183924861
1.91624623034355
2.53914367272795
1.78659550021536
2.36901382403115
0.221421632106524
1.70076921877113
0.277108807350545
2.29486624119816
1.78924198914255
0.382888051913032
0.397179857001069
0.222907413823597
0.32852603333559
1.61674319533274
2.1187262317281
0.309658326511445
0.336385187591923
0.270360643026798
0
0.315918879074762
0.207387974421067
0.174649147164941
0.2766441420259
0.197423484681468
0.203661090809001
1.57403577895198
0.161374634063369
0.154536596199465
0.0771803367625568
0.082385353279768
0.0955164511576849
0.00141503020673634
0.0541707982792347
1.57371966263225
0
0
0
0
0
0
0
0
0
0
0
0
0
0
0
6.37408826997537
8.64128425102829
5.81212229777731
5.78536866585508
7.64799269518357
6.15813745060057
4.821216303722
4.31411953263947
4.46453881944332
6.28747565854821
3.96258775975359
3.31914549185001
3.30841038430864
6.4563615604983
3.11754133934516
5.35884875247144
3.53690298407142
4.25366107322093
4.9183779585503
7.20335609850791
5.31390354740632
3.69835601845706
5.22446239700323
4.39814303459523
4.04141419238145
2.91023044514794
5.13505543437328
6.16886949095509
4.25605132694852
3.03595014240752
2.48540229396898
2.77730306274436
3.35071907103545
3.81873275488493
2.61756416057294
3.91592047144895
1.11979180291273
7.38277236770716
6.56170482278088
6.56170482278088
6.56170482278088
6.56170482278088
6.56170482278088
3.12920756538877
2.89199699760929
3.27011589093498
4.46635873022021
3.87597803918415
2.26874766172878
2.29362591693115
5.45109095782995
3.7840205341513
3.81323325910848
3.92369931318004
3.93060236594533
3.08311773691179
3.01258612991791
2.6972525093057
3.0395584694347
0.806972604871912
3.28445012197177
3.04526448313321
6.82101111224178
3.40191483895772
3.64601875713785
3.80804162801214
5.58270968042229
2.24562733764049
2.68066032403023
2.25620601677491
2.37922526868399
6.91024597660334
2.59536459781174
2.64812036588424
2.71616096449704
2.33249758715678
3.9647080805994
3.61305811433581
2.71370760807103
3.03671621934873
4.03597588574138
2.96214603965671
3.01692491848424
2.81083604634261
2.96633758859342
5.04372838806878
1.86911558494701
3.6096983736963
4.05793218734516
2.50887374472946
3.20886265029328
2.31456794925105
1.82013832996709
3.28976795846492
2.96702926189525
2.66800213239345
3.22052326407798
2.10775405046441
0.653231485112992
2.30266257348464
3.11059453904439
2.69981736560923
2.23414151457072
2.66321206392335
0.612486263970913
5.34453715019278
0.678684819007407
2.21428328660186
2.28714778123387
2.41300242215938
2.83224273204209
2.82237356268185
3.520008405025
0.83629623760205
4.37058917027495
2.79962025939813
3.5362449205458
0.559348055302
2.26064956176545
2.03300986030102
2.67653629430245
2.57542282501623
3.4710082036093
2.10418437550286
2.05261950188221
0.549083349694215
0.645387628480515
2.0044625819816
2.71939951989407
0.503253580822796
4.32941561566489
0.557563969919723
3.57312947047387
0.532129758055128
2.72715003606357
0.52082098961913
1.82930437408362
2.04613018408194
2.3960887805452
1.31881033754725
2.10269585883701
2.50042168319864
2.05226611914545
2.19790444531458
0.395676865457157
0.471851383451142
2.0316471586957
2.00959834445165
1.14548758154471
2.33138939264666
1.56593834121519
0.473864933191268
3.1624111497529
3.46502109607242
2.03908945270194
1.40641854404443
3.06786062680095
2.27493865630823
2.76819320338771
2.76819320338771
2.76819320338771
2.76819320338771
2.76819320338771
2.09006384593742
2.53220321321535
2.53220321321535
2.53220321321535
2.53220321321535
2.45422668355764
2.19466687942822
0.390089408343531
2.3404564670831
2.2754109704448
2.3404564670831
2.00590508215099
2.14749032755285
2.12351783710884
2.18089539978902
2.83957992259772
2.04559256392906
1.37791157067195
0.290639555651715
2.69173412463254
2.11851339566703
2.43476810601204
2.15022728212477
2.03493423562189
2.23732239134939
2.39189269074793
2.02197746522763
0.394825935130133
3.40170000858645
3.09014708685727
1.8195769975138
1.91365525276059
0.37892596733417
0.147880217618858
2.15078373319255
1.97375521341335
1.7870064441201
4.38663042852603
1.87396498859072
1.49432507042333
0.0149170954631759
0.0149170954631759
0.0637643206403107
1.01684990919118
0.0108230688785509
0.042221441844241
0.0820296835251019
0.0501264889721437
0
0
0
0
0
0
0
4.76003127205805
5.42131816308399
3.7964506254243
6.64405292580041
4.99760175095024
5.93276061467425
4.25732935058771
4.83945491552062
3.98959333694591
4.17392014340314
4.46465675072546
5.28541469441348
4.79477055623547
5.13688565961983
4.06504118765802
3.2169383896763
2.93335103862249
3.87836766760898
3.65029203980632
3.80456810571874
2.41309536781286
4.86583279911352
3.51177779239367
1.0521782176695
5.46074142318625
1.00632359015931
4.35255258239756
4.98166639325336
4.60830837629148
4.60830837629148
4.60830837629148
3.38172238422691
4.00302644331077
4.30631185494766
4.37575389842331
4.05540324409556
4.40232395885926
3.80479992281237
3.84263859542169
3.05413689398045
4.55828841344211
4.55828841344211
3.334131476409
3.48068537190511
3.42899546881478
3.92036476549222
3.57570653234175
3.3145694453829
3.70399517366434
4.26789800142229
0.877741325035568
2.61133153876171
3.44436690066654
3.02444809673932
2.14697357017608
5.25044834660984
4.30392581780759
3.18951538928054
0.965729433052819
1.19246698944951
3.02141287261509
4.47352522160838
4.18037208928247
3.63237805158875
3.85381005347214
0.837573589194077
0.728247208099838
0.750732802966071
0.874876844968418
4.06695415105082
3.09561457515426
7.60030092945246
3.1160351652883
4.43905011404453
0.720326863348079
2.76213429581037
0.704275831516532
0.772899059934298
0.722858620096348
3.48161231966993
0.746608181133733
0.740330418743577
0.716810322064041
0.716186943891884
4.23590493332917
2.08955570626344
0.644838826224659
0.62896945367641
0.503066184930553
0.667022293019724
4.63976384367361
0.35400231366579
0.578789423020768
2.69586413932259
0.522824978344345
3.55150988403573
0.0819971760744066
0
0
0
0
0
0
0
0
0
0
0
0
0
0
0
0
0
6.99238546426473
8.32475765600297
7.11908752145489
6.89384135008195
6.97878932728272
5.31201351680003
8.28756148554179
5.37097438354937
5.33746685069444
6.08134269322791
6.7246018251533
3.59253896805801
1.16364052949472
6.44420020426762
5.56117180286759
4.28131125448826
7.37902202787763
4.67140951155318
6.25016531583119
5.50465090712338
7.24780473167019
4.95578540917615
6.18202826011454
3.76814053738534
6.49632571407525
3.84520277874681
6.33569875137787
5.7002513479798
3.90189003615045
3.55171549167098
3.41615354058534
4.96397192618018
1.09526206305866
5.3245292336636
5.9487983435253
4.37855899249556
7.66318416128347
6.37326894685049
3.92888080341565
4.8474419004147
4.86864518471603
7.31632501601088
5.40082066722649
4.73504452133125
3.32269844424233
3.72255790388241
3.87274041389169
4.89380937436184
1.07498123823076
4.40548854709214
2.27190710946688
2.76413189125842
3.90659530058627
5.03420866756401
0.995850454426483
5.0243383671714
4.99228361718199
3.64210578781752
3.2479160100193
4.64061038970841
3.36971583624294
3.98365021039623
2.61263738202187
3.93354654695
2.23020578683376
4.05696452214836
3.99079025542143
3.70861012310733
3.56244531571835
4.2829034072788
3.39023568644359
4.31682483393595
4.25333264360536
3.15385260104475
0.941389001293972
2.32362451114823
3.6685733875113
6.27418423228599
3.34428736098729
5.80499836403726
7.00330288536125
5.42436855669315
3.81288293179039
2.52221092687635
4.01519453302952
4.60178831615781
1.00002861794232
2.58779426886031
5.86609611863365
2.34265065602048
2.96229314720734
3.60263392163769
4.62056856729323
3.52469028871981
3.40600688383944
4.90118259241593
2.00552169665658
0.80665709137987
4.96216830695029
3.43969128112902
5.36790671397554
3.19456120664005
2.85880350531637
3.5844949268048
7.6102553569862
2.7328730599312
5.7096548452493
0.654430436382753
0.746665547223196
1.40241912193035
0.540317811224378
0.677902727987738
0.517895319056553
2.67489717302322
0.51344371051428
3.49023300171323
2.65500305577292
3.83760678663975
3.19663326667731
3.46668431849446
0.47008068348974
3.110861807608
2.55976961065658
2.82018311884793
1.85887859917908
0.346699610477241
1.84838821487047
1.68292412701774
1.05929639424425
0.011729453092055
0
0
0
8.89499916709611
6.21284906458343
4.95951964795963
5.79414573794634
3.63658300953938
3.33739731051594
2.57990498766955
3.34213918736543
5.19549904137962
3.0592348920759
5.53846575331453
3.96830541381696
2.613299375505
1.05004228693852
0.874947596478755
2.79008534118133
2.66361223594681
0.803025817916907
3.79656238466538
1.10314607595376
3.10641466349904
0.826771554548329
2.39915941235422
2.23999044622886
0.984337080271402
2.3052189414973
2.41086974341645
3.46769526463149
3.04137107906371
4.04213199115333
0.697476037712269
0.536082281619079
0.563849381121807
0.517344604597715
0.550123588116464
0.613991167717807
2.34819368640879
2.42929786369056
2.16423851497465
0.17426096995958
1.99769954622301
2.0807517327772
0.191000394864674
2.85961669386221
2.28495713379153
2.1690763885193
1.29422676951483
2.5422593299001
1.51532058060545
1.87537450811287
2.50670192820203
2.50670192820203
2.52615284418207
1.4090996171541
0.0875024084598038
2.74237156765279
0.253016961979368
0.144302485839393
2.1273196119997
0.125488320698746
0.104184467275436
0.1029721305848
1.7697004347144
0.0341500330568976
0.126077279217226
0.0686939799281029
0.233420705819051
0.0668525284563636
0.0745663552860588
0.0902693661748679
0
0
0
0
8.88142635032934
6.55543051035145
6.75327245084239
5.02002184981079
3.2344031053875
6.21541844684322
5.975081302838
4.63145126596307
5.12906904926965
1.22778920293442
3.45874999425905
3.63038636252771
3.7217941626349
5.13376526701593
4.03532212292941
2.57167351339957
4.50957456136943
5.16382315154026
1.07525277105421
5.98840655563579
3.78967861564893
5.33133981573298
4.52717638981944
0.931843284007448
3.99706071683248
4.20204887651104
3.98748440429824
4.53020149493708
2.97660808427618
3.84159301440931
4.74278334035593
3.78792703771735
6.21866256551951
6.21866256551951
6.21866256551951
1.27109103946354
5.32958441339543
5.32958441339543
3.09222275106066
4.46995180337783
4.5465546548398
4.19109386562673
4.73934869610166
4.73934869610166
4.63559256229421
4.73934869610166
4.73934869610166
4.73934869610166
3.41515329242918
3.7491838930975
4.30842281620095
4.30842281620095
4.41688817062521
3.97540515468904
3.97540515468904
3.97540515468904
3.97540515468904
3.97540515468904
3.97540515468904
3.97540515468904
2.68859238285502
3.80032576185313
3.3586075380462
4.44508360359593
3.65241904915293
3.70801443865381
3.48727776450712
3.48727776450712
4.25704192207257
4.01398180102087
0.825293421643184
3.1415833965548
3.51518980214424
3.1062258134984
3.74786829744583
3.00289245339222
2.96851678038344
4.48731651865806
4.00426398546596
3.38582735820381
2.9625878120116
0.87151710432891
0.780874858572538
4.08909122195384
3.12695179557961
0.636092409784643
4.02267085137142
3.34431534366592
3.38611036424515
3.36767863970092
2.38120697401199
0.818453471576298
0.728186017604412
3.32927969161785
0.782272678952435
3.05383718839846
0.848564931935051
1.03634326477493
3.01983630717417
2.83609367254428
0.704296865749335
3.17375870017487
3.21627844568431
0.661188161721411
0.812875575477582
2.77854018718975
0.927426095118852
3.1784987869745
4.18285173544593
2.90415567557049
2.7309110353122
2.84658975471289
0.746221916131354
1.96533246104118
3.38169699976252
0.819334997151035
0.97152340808851
0.779838444556253
3.79766588750506
0.99945878145366
0.716380076393074
3.05371059696013
0.717305582636398
2.63084850459054
2.70713661563605
0.626579199948815
0.591348772207044
0.573551899052861
0.647141118615079
0.643102545916934
0.589625877320193
0.275001559664297
0.232263823014895
0.244092710662018
0
0.171006400484086
0
0
0
0
0
0
0
0
0
0
0
0
0
0
0
0
0
0
0
0
4.9900670630178
6.54759574096133
6.21205668476901
4.85945722414855
2.90735444985753
7.36731658986035
3.18805695143113
7.53179712307287
8.52360982548635
3.28904502384709
5.45814070849505
3.08148301753608
5.29136771659196
1.40422434768463
6.35594827769637
4.04653215755803
1.43656161231452
1.39752398843543
2.74167054054375
3.36071463506958
2.63643102336776
5.91614616001717
4.79826411624418
6.54987053254399
1.86062519818448
5.21354621362453
4.50036084221448
6.34744090045545
3.7797186480673
4.4890501615755
5.62805027312072
5.17993408781147
5.17993408781147
1.22049797296377
5.88259606726536
1.27215996093052
1.27215996093052
4.90496886000383
6.96839328524589
5.18159805902582
2.08647301474977
5.74155055453573
4.81097994943623
4.01161079939791
1.22991748485348
2.75887557741476
5.96119911640609
4.59887446722892
3.76602388432479
6.25175617543534
3.0916480252489
5.94945054128421
2.6117203116151
4.88933086401641
4.90296295907564
3.82287296408805
1.2156830458549
1.96879993673257
4.98768515049884
3.43101599175325
4.61700980031092
2.388053972741
1.21663149853401
2.78119486880601
0.990104284465344
4.05656477930354
4.41537846384769
3.0120966308354
3.80104474362063
3.45902387201265
2.96365089423767
2.37850398533206
5.07881238091127
3.97334560430661
2.32133947658724
1.05397186406669
2.19713975148245
4.35676532729128
2.42467576243917
4.01971079001301
3.05749161059535
2.88686447128942
1.02397704808984
6.15925144397443
3.61618151224766
2.58011328163537
0.996687999332632
1.71679892643237
4.56277615132573
4.11454711973887
0.684180490377894
4.44652355707971
1.77499003582817
3.30952520544236
2.48183097581973
2.39986414020721
1.99580604091859
2.11421217060964
2.15870850087752
0.559468524089871
2.83440552032719
2.10895570288198
1.90111861580177
2.53985890833505
2.03824994990575
4.60081576587779
2.13799171805683
2.03432473937277
2.12107817835606
2.45388791401751
4.02688241020418
1.81251302225138
2.38925972934855
3.30976445064978
2.87830651654669
2.09159211269675
3.50475305760048
3.1097607698242
1.51573145992725
1.74969572689453
2.12579871173284
2.74554110733539
1.99588252903788
0.423992767215741
1.43514225940097
2.46924167114312
2.15250676219567
1.52451235591848
2.0224496017684
1.73338223844711
1.90847945080883
2.10994624544527
2.58791169508248
1.81276362443137
1.96553479220989
1.35777508361472
2.25346182857593
1.3303847010853
2.23402689999074
2.16681169947688
2.70781869638996
2.10017333775451
1.76667379595439
1.81976373448026
2.36273720895078
1.76150544224663
0.569823103237813
2.44163681306069
2.52132113843466
2.03998891432434
2.18111602265546
1.70949842721076
1.17704785094896
2.74097066835544
2.13588564064776
2.29792889924576
0.359205417980019
2.84987205820322
1.79893601959949
2.37691222259918
2.07809106924294
2.20651582501774
1.2886477947908
1.90357777877981
2.05651391926775
1.20161005165564
2.21572138084332
1.55821531881615
1.91932285813423
1.44597704482629
2.38619056893387
1.63591857531189
1.30678033865948
1.10406670529366
1.43395611009275
1.0808472789506
1.35333455312172
0.0131942005763253
2.856260434977
1.59658666552513
1.80289308938396
1.37334927111798
1.30246543343681
1.48867887814236
1.54466955237228
1.13486003396504
1.46012843230843
0.402442239607743
1.97047708576031
2.73645414753468
2.30378590321636
2.01874754862111
2.01874754862111
2.01874754862111
2.01874754862111
1.28444375060193
1.81176797711166
1.81176797711166
1.81176797711166
1.15723170474515
1.6524238231341
1.6524238231341
1.6524238231341
1.6524238231341
1.6524238231341
1.41984257442418
1.52482590800399
1.36603745184712
1.41967283329138
1.41967283329138
1.41967283329138
1.41967283329138
1.3311121463113
1.25522057446113
1.09634245648572
0.138999946970096
1.41031117363668
1.93957970997592
0.785739905522412
1.15446678272359
1.08443604942049
1.28852534028399
0
